0.000000,	0.000000
0.885606,	-0.464438
0.013571,	0.009546
10.000000,	0.000000

0.000000,	0.000000
0.886839,	-0.462079
0.037465,	0.008999
9.986993,	-0.000000

0.000000,	0.000000
0.888065,	-0.459717
0.056003,	0.006821
9.973985,	-0.000000

0.000000,	0.000000
0.889286,	-0.457352
0.072240,	0.004332
9.960978,	-0.000000

0.000000,	0.000000
0.890500,	-0.454983
0.087107,	0.001754
9.947970,	-0.000000

0.000000,	0.000000
0.891708,	-0.452611
0.101035,	-0.000846
9.934963,	-0.000000

0.000000,	0.000000
0.892910,	-0.450236
0.114269,	-0.003441
9.921955,	-0.000000

0.000000,	0.000000
0.894105,	-0.447858
0.126963,	-0.006020
9.908947,	-0.000000

0.000000,	0.000000
0.895294,	-0.445476
0.139221,	-0.008580
9.895939,	-0.000000

0.000000,	0.000000
0.896476,	-0.443092
0.151117,	-0.011117
9.882932,	-0.000000

0.000000,	0.000000
0.897652,	-0.440704
0.162708,	-0.013632
9.869924,	-0.000000

0.000000,	0.000000
0.898822,	-0.438313
0.174036,	-0.016125
9.856916,	-0.000000

0.000000,	0.000000
0.899986,	-0.435919
0.185135,	-0.018597
9.843907,	-0.000000

0.000000,	0.000000
0.901143,	-0.433522
0.196032,	-0.021049
9.830899,	-0.000000

0.000000,	0.000000
0.902294,	-0.431122
0.206750,	-0.023481
9.817891,	-0.000000

0.000000,	0.000000
0.903438,	-0.428719
0.217306,	-0.025895
9.804883,	-0.000000

0.000000,	0.000000
0.904576,	-0.426313
0.227717,	-0.028292
9.791874,	-0.000000

0.000000,	0.000000
0.905707,	-0.423904
0.237996,	-0.030673
9.778866,	-0.000000

0.000000,	0.000000
0.906832,	-0.421491
0.248153,	-0.033038
9.765857,	-0.000000

0.000000,	0.000000
0.907951,	-0.419076
0.258200,	-0.035389
9.752849,	-0.000000

0.000000,	0.000000
0.909063,	-0.416658
0.268145,	-0.037726
9.739840,	-0.000000

0.000000,	0.000000
0.910169,	-0.414237
0.277995,	-0.040049
9.726831,	-0.000000

0.000000,	0.000000
0.911268,	-0.411813
0.287757,	-0.042360
9.713822,	-0.000000

0.000000,	0.000000
0.912361,	-0.409386
0.297437,	-0.044658
9.700813,	-0.000000

0.000000,	0.000000
0.913448,	-0.406956
0.307040,	-0.046946
9.687804,	-0.000000

0.000000,	0.000000
0.914528,	-0.404523
0.316572,	-0.049222
9.674795,	-0.000000

0.000000,	0.000000
0.915601,	-0.402088
0.326036,	-0.051488
9.661786,	-0.000000

0.000000,	0.000000
0.916668,	-0.399649
0.335437,	-0.053744
9.648777,	-0.000000

0.000000,	0.000000
0.917729,	-0.397208
0.344778,	-0.055990
9.635767,	-0.000000

0.000000,	0.000000
0.918783,	-0.394764
0.354062,	-0.058228
9.622758,	-0.000000

0.000000,	0.000000
0.919830,	-0.392317
0.363293,	-0.060456
9.609749,	-0.000000

0.000000,	0.000000
0.920871,	-0.389867
0.372473,	-0.062677
9.596739,	-0.000000

0.000000,	0.000000
0.921906,	-0.387415
0.381604,	-0.064889
9.583729,	-0.000000

0.000000,	0.000000
0.922933,	-0.384959
0.390690,	-0.067093
9.570720,	-0.000000

0.000000,	0.000000
0.923955,	-0.382502
0.399732,	-0.069290
9.557710,	-0.000000

0.000000,	0.000000
0.924970,	-0.380041
0.408732,	-0.071480
9.544700,	-0.000000

0.000000,	0.000000
0.925978,	-0.377578
0.417692,	-0.073663
9.531690,	-0.000000

0.000000,	0.000000
0.926980,	-0.375112
0.426613,	-0.075839
9.518680,	-0.000000

0.000000,	0.000000
0.927975,	-0.372643
0.435499,	-0.078009
9.505670,	-0.000000

0.000000,	0.000000
0.928963,	-0.370172
0.444349,	-0.080173
9.492660,	-0.000000

0.000000,	0.000000
0.929945,	-0.367698
0.453165,	-0.082331
9.479650,	-0.000000

0.000000,	0.000000
0.930921,	-0.365221
0.461949,	-0.084483
9.466639,	-0.000000

0.000000,	0.000000
0.931890,	-0.362742
0.470703,	-0.086629
9.453629,	-0.000000

0.000000,	0.000000
0.932852,	-0.360260
0.479426,	-0.088770
9.440618,	-0.000000

0.000000,	0.000000
0.933807,	-0.357776
0.488120,	-0.090906
9.427608,	-0.000000

0.000000,	0.000000
0.934756,	-0.355289
0.496787,	-0.093037
9.414597,	-0.000000

0.000000,	0.000000
0.935699,	-0.352800
0.505427,	-0.095163
9.401586,	-0.000000

0.000000,	0.000000
0.936635,	-0.350308
0.514042,	-0.097284
9.388576,	-0.000000

0.000000,	0.000000
0.937564,	-0.347814
0.522631,	-0.099400
9.375565,	-0.000000

0.000000,	0.000000
0.938486,	-0.345317
0.531197,	-0.101512
9.362554,	-0.000000

0.000000,	0.000000
0.939402,	-0.342818
0.539739,	-0.103620
9.349543,	-0.000000

0.000000,	0.000000
0.940311,	-0.340316
0.548259,	-0.105724
9.336532,	-0.000000

0.000000,	0.000000
0.941213,	-0.337812
0.556757,	-0.107823
9.323520,	-0.000000

0.000000,	0.000000
0.942109,	-0.335306
0.565234,	-0.109919
9.310509,	-0.000000

0.000000,	0.000000
0.942998,	-0.332797
0.573690,	-0.112011
9.297498,	-0.000000

0.000000,	0.000000
0.943881,	-0.330286
0.582127,	-0.114099
9.284486,	-0.000000

0.000000,	0.000000
0.944757,	-0.327772
0.590545,	-0.116184
9.271475,	-0.000000

0.000000,	0.000000
0.945626,	-0.325257
0.598944,	-0.118265
9.258463,	-0.000000

0.000000,	0.000000
0.946488,	-0.322739
0.607325,	-0.120342
9.245451,	-0.000000

0.000000,	0.000000
0.947344,	-0.320218
0.615688,	-0.122417
9.232440,	-0.000000

0.000000,	0.000000
0.948193,	-0.317695
0.624035,	-0.124488
9.219428,	-0.000000

0.000000,	0.000000
0.949035,	-0.315170
0.632365,	-0.126556
9.206416,	-0.000000

0.000000,	0.000000
0.949871,	-0.312643
0.640679,	-0.128622
9.193404,	-0.000000

0.000000,	0.000000
0.950699,	-0.310114
0.648978,	-0.130684
9.180392,	-0.000000

0.000000,	0.000000
0.951521,	-0.307582
0.657262,	-0.132743
9.167379,	-0.000000

0.000000,	0.000000
0.952337,	-0.305049
0.665531,	-0.134800
9.154367,	-0.000000

0.000000,	0.000000
0.953145,	-0.302513
0.673785,	-0.136854
9.141355,	-0.000000

0.000000,	0.000000
0.953947,	-0.299975
0.682026,	-0.138906
9.128342,	-0.000000

0.000000,	0.000000
0.954742,	-0.297434
0.690253,	-0.140955
9.115330,	-0.000000

0.000000,	0.000000
0.955531,	-0.294892
0.698468,	-0.143002
9.102317,	-0.000000

0.000000,	0.000000
0.956312,	-0.292348
0.706669,	-0.145047
9.089304,	-0.000000

0.000000,	0.000000
0.957087,	-0.289801
0.714859,	-0.147089
9.076292,	-0.000000

0.000000,	0.000000
0.957855,	-0.287253
0.723036,	-0.149129
9.063279,	-0.000000

0.000000,	0.000000
0.958616,	-0.284702
0.731202,	-0.151167
9.050266,	-0.000000

0.000000,	0.000000
0.959370,	-0.282150
0.739356,	-0.153204
9.037253,	-0.000000

0.000000,	0.000000
0.960118,	-0.279595
0.747500,	-0.155238
9.024239,	-0.000000

0.000000,	0.000000
0.960859,	-0.277039
0.755633,	-0.157271
9.011226,	-0.000000

0.000000,	0.000000
0.961593,	-0.274480
0.763756,	-0.159302
8.998213,	-0.000000

0.000000,	0.000000
0.962320,	-0.271920
0.771869,	-0.161332
8.985199,	-0.000000

0.000000,	0.000000
0.963040,	-0.269357
0.779972,	-0.163360
8.972186,	-0.000000

0.000000,	0.000000
0.963754,	-0.266793
0.788066,	-0.165387
8.959172,	-0.000000

0.000000,	0.000000
0.964461,	-0.264227
0.796152,	-0.167413
8.946159,	-0.000000

0.000000,	0.000000
0.965160,	-0.261659
0.804229,	-0.169437
8.933145,	-0.000000

0.000000,	0.000000
0.965853,	-0.259089
0.812298,	-0.171461
8.920131,	-0.000000

0.000000,	0.000000
0.966540,	-0.256517
0.820360,	-0.173484
8.907117,	-0.000000

0.000000,	0.000000
0.967219,	-0.253944
0.828414,	-0.175507
8.894103,	-0.000000

0.000000,	0.000000
0.967891,	-0.251368
0.836462,	-0.177529
8.881089,	-0.000000

0.000000,	0.000000
0.968557,	-0.248791
0.844504,	-0.179551
8.868075,	-0.000000

0.000000,	0.000000
0.969216,	-0.246212
0.852540,	-0.181573
8.855060,	-0.000000

0.000000,	0.000000
0.969868,	-0.243632
0.860572,	-0.183596
8.842046,	-0.000000

0.000000,	0.000000
0.970513,	-0.241049
0.868600,	-0.185619
8.829031,	-0.000000

0.000000,	0.000000
0.971151,	-0.238465
0.876624,	-0.187644
8.816017,	-0.000000

0.000000,	0.000000
0.971782,	-0.235880
0.884647,	-0.189670
8.803002,	-0.000000

0.000000,	0.000000
0.972407,	-0.233292
0.892669,	-0.191699
8.789987,	-0.000000

0.000000,	0.000000
0.973024,	-0.230703
0.900692,	-0.193731
8.776972,	-0.000000

0.000000,	0.000000
0.973635,	-0.228112
0.908719,	-0.195767
8.763958,	-0.000000

0.000000,	0.000000
0.974239,	-0.225520
0.916753,	-0.197808
8.750942,	-0.000000

0.000000,	0.000000
0.974835,	-0.222926
0.924799,	-0.199858
8.737927,	-0.000000

0.000000,	0.000000
0.975425,	-0.220331
0.932863,	-0.201918
8.724912,	-0.000000

0.000000,	0.000000
0.976008,	-0.217734
0.940957,	-0.203992
8.711897,	-0.000000

0.000000,	0.000000
0.976584,	-0.215135
0.949101,	-0.206087
8.698881,	-0.000000

0.000000,	0.000000
0.977153,	-0.212535
0.957342,	-0.208213
8.685866,	-0.000000

0.000000,	0.000000
0.977716,	-0.209933
0.965801,	-0.210378
8.672850,	-0.000000

0.000000,	0.000000
0.978271,	-0.207330
0.974950,	-0.212392
8.659835,	-0.000000

0.000000,	0.000000
0.978819,	-0.204725
0.984875,	-0.212955
8.646819,	-0.000000

0.000000,	0.000000
0.979361,	-0.202119
0.994430,	-0.212656
8.633803,	-0.000000

0.000000,	0.000000
0.979895,	-0.199512
1.003754,	-0.212182
8.620787,	-0.000000

0.000000,	0.000000
0.980423,	-0.196903
1.012962,	-0.211646
8.607771,	-0.000000

0.000000,	0.000000
0.980944,	-0.194293
1.022100,	-0.211080
8.594755,	-0.000000

0.000000,	0.000000
0.981457,	-0.191681
1.031191,	-0.210495
8.581738,	-0.000000

0.000000,	0.000000
0.981964,	-0.189068
1.040247,	-0.209898
8.568722,	-0.000000

0.000000,	0.000000
0.982464,	-0.186454
1.049275,	-0.209292
8.555705,	-0.000000

0.000000,	0.000000
0.982957,	-0.183838
1.058281,	-0.208679
8.542689,	-0.000000

0.000000,	0.000000
0.983442,	-0.181221
1.067267,	-0.208061
8.529672,	-0.000000

0.000000,	0.000000
0.983921,	-0.178603
1.076237,	-0.207439
8.516655,	-0.000000

0.000000,	0.000000
0.984393,	-0.175983
1.085193,	-0.206812
8.503639,	-0.000000

0.000000,	0.000000
0.984858,	-0.173362
1.094135,	-0.206182
8.490622,	-0.000000

0.000000,	0.000000
0.985316,	-0.170740
1.103066,	-0.205549
8.477605,	-0.000000

0.000000,	0.000000
0.985767,	-0.168117
1.111985,	-0.204914
8.464587,	-0.000000

0.000000,	0.000000
0.986211,	-0.165493
1.120895,	-0.204276
8.451570,	-0.000000

0.000000,	0.000000
0.986648,	-0.162867
1.129794,	-0.203635
8.438553,	-0.000000

0.000000,	0.000000
0.987078,	-0.160241
1.138685,	-0.202993
8.425535,	-0.000000

0.000000,	0.000000
0.987501,	-0.157613
1.147568,	-0.202349
8.412518,	-0.000000

0.000000,	0.000000
0.987917,	-0.154984
1.156442,	-0.201703
8.399500,	-0.000000

0.000000,	0.000000
0.988326,	-0.152354
1.165308,	-0.201056
8.386482,	-0.000000

0.000000,	0.000000
0.988728,	-0.149722
1.174167,	-0.200407
8.373464,	-0.000000

0.000000,	0.000000
0.989123,	-0.147090
1.183019,	-0.199757
8.360446,	-0.000000

0.000000,	0.000000
0.989511,	-0.144457
1.191864,	-0.199105
8.347428,	-0.000000

0.000000,	0.000000
0.989892,	-0.141823
1.200702,	-0.198452
8.334410,	-0.000000

0.000000,	0.000000
0.990266,	-0.139187
1.209534,	-0.197798
8.321392,	-0.000000

0.000000,	0.000000
0.990633,	-0.136551
1.218360,	-0.197142
8.308374,	-0.000000

0.000000,	0.000000
0.990993,	-0.133914
1.227180,	-0.196486
8.295355,	-0.000000

0.000000,	0.000000
0.991346,	-0.131276
1.235994,	-0.195828
8.282336,	-0.000000

0.000000,	0.000000
0.991692,	-0.128636
1.244802,	-0.195169
8.269318,	-0.000000

0.000000,	0.000000
0.992031,	-0.125996
1.253604,	-0.194509
8.256299,	-0.000000

0.000000,	0.000000
0.992363,	-0.123355
1.262401,	-0.193849
8.243280,	-0.000000

0.000000,	0.000000
0.992687,	-0.120714
1.271193,	-0.193187
8.230261,	-0.000000

0.000000,	0.000000
0.993005,	-0.118071
1.279980,	-0.192524
8.217242,	-0.000000

0.000000,	0.000000
0.993316,	-0.115428
1.288761,	-0.191861
8.204223,	-0.000000

0.000000,	0.000000
0.993620,	-0.112783
1.297537,	-0.191197
8.191203,	-0.000000

0.000000,	0.000000
0.993916,	-0.110138
1.306309,	-0.190532
8.178184,	-0.000000

0.000000,	0.000000
0.994206,	-0.107492
1.315076,	-0.189866
8.165165,	-0.000000

0.000000,	0.000000
0.994489,	-0.104846
1.323838,	-0.189199
8.152145,	-0.000000

0.000000,	0.000000
0.994764,	-0.102198
1.332595,	-0.188532
8.139125,	-0.000000

0.000000,	0.000000
0.995033,	-0.099550
1.341348,	-0.187864
8.126105,	-0.000001

0.000000,	0.000000
0.995294,	-0.096901
1.350097,	-0.187195
8.113085,	-0.000001

0.000000,	0.000000
0.995548,	-0.094252
1.358841,	-0.186525
8.100065,	-0.000001

0.000000,	0.000000
0.995796,	-0.091602
1.367581,	-0.185855
8.087045,	-0.000001

0.000000,	0.000000
0.996036,	-0.088951
1.376316,	-0.185185
8.074025,	-0.000001

0.000000,	0.000000
0.996269,	-0.086299
1.385048,	-0.184513
8.061004,	-0.000001

0.000000,	0.000000
0.996495,	-0.083647
1.393775,	-0.183841
8.047984,	-0.000001

0.000000,	0.000000
0.996715,	-0.080994
1.402499,	-0.183169
8.034963,	-0.000001

0.000000,	0.000000
0.996927,	-0.078341
1.411218,	-0.182495
8.021943,	-0.000001

0.000000,	0.000000
0.997132,	-0.075687
1.419934,	-0.181822
8.008922,	-0.000001

0.000000,	0.000000
0.997330,	-0.073033
1.428645,	-0.181148
7.995901,	-0.000001

0.000000,	0.000000
0.997520,	-0.070378
1.437353,	-0.180473
7.982880,	-0.000001

0.000000,	0.000000
0.997704,	-0.067723
1.446057,	-0.179797
7.969859,	-0.000001

0.000000,	0.000000
0.997881,	-0.065067
1.454758,	-0.179122
7.956837,	-0.000001

0.000000,	0.000000
0.998051,	-0.062411
1.463455,	-0.178445
7.943816,	-0.000001

0.000000,	0.000000
0.998213,	-0.059754
1.472148,	-0.177768
7.930794,	-0.000001

0.000000,	0.000000
0.998369,	-0.057097
1.480838,	-0.177091
7.917773,	-0.000001

0.000000,	0.000000
0.998517,	-0.054439
1.489524,	-0.176414
7.904751,	-0.000001

0.000000,	0.000000
0.998658,	-0.051781
1.498207,	-0.175735
7.891729,	-0.000001

0.000000,	0.000000
0.998793,	-0.049123
1.506887,	-0.175057
7.878707,	-0.000001

0.000000,	0.000000
0.998920,	-0.046464
1.515563,	-0.174378
7.865685,	-0.000001

0.000000,	0.000000
0.999040,	-0.043805
1.524236,	-0.173698
7.852663,	-0.000001

0.000000,	0.000000
0.999153,	-0.041146
1.532906,	-0.173018
7.839641,	-0.000001

0.000000,	0.000000
0.999259,	-0.038487
1.541572,	-0.172338
7.826618,	-0.000001

0.000000,	0.000000
0.999358,	-0.035827
1.550235,	-0.171657
7.813596,	-0.000001

0.000000,	0.000000
0.999450,	-0.033167
1.558896,	-0.170976
7.800573,	-0.000001

0.000000,	0.000000
0.999535,	-0.030506
1.567553,	-0.170295
7.787550,	-0.000001

0.000000,	0.000000
0.999612,	-0.027846
1.576207,	-0.169613
7.774527,	-0.000001

0.000000,	0.000000
0.999683,	-0.025185
1.584858,	-0.168931
7.761504,	-0.000001

0.000000,	0.000000
0.999746,	-0.022524
1.593506,	-0.168249
7.748481,	-0.000001

0.000000,	0.000000
0.999803,	-0.019863
1.602151,	-0.167566
7.735458,	-0.000001

0.000000,	0.000000
0.999852,	-0.017202
1.610793,	-0.166883
7.722435,	-0.000001

0.000000,	0.000000
0.999894,	-0.014540
1.619432,	-0.166199
7.709411,	-0.000001

0.000000,	0.000000
0.999929,	-0.011879
1.628069,	-0.165515
7.696387,	-0.000001

0.000000,	0.000000
0.999958,	-0.009217
1.636703,	-0.164831
7.683364,	-0.000001

0.000000,	0.000000
0.999979,	-0.006556
1.645334,	-0.164147
7.670340,	-0.000001

0.000000,	0.000000
0.999992,	-0.003894
1.653962,	-0.163462
7.657316,	-0.000001

0.000000,	0.000000
0.999999,	-0.001232
1.662587,	-0.162777
7.644292,	-0.000001

0.000000,	0.000000
0.999999,	0.001429
1.671210,	-0.162092
7.631268,	-0.000001

0.000000,	0.000000
0.999992,	0.004091
1.679830,	-0.161406
7.618243,	-0.000001

0.000000,	0.000000
0.999977,	0.006753
1.688448,	-0.160720
7.605219,	-0.000001

0.000000,	0.000000
0.999956,	0.009414
1.697063,	-0.160034
7.592194,	-0.000001

0.000000,	0.000000
0.999927,	0.012076
1.705675,	-0.159348
7.579170,	-0.000001

0.000000,	0.000000
0.999891,	0.014737
1.714285,	-0.158661
7.566145,	-0.000001

0.000000,	0.000000
0.999849,	0.017399
1.722892,	-0.157974
7.553120,	-0.000001

0.000000,	0.000000
0.999799,	0.020060
1.731497,	-0.157287
7.540095,	-0.000001

0.000000,	0.000000
0.999742,	0.022721
1.740099,	-0.156600
7.527069,	-0.000001

0.000000,	0.000000
0.999678,	0.025382
1.748699,	-0.155912
7.514044,	-0.000001

0.000000,	0.000000
0.999607,	0.028043
1.757297,	-0.155224
7.501019,	-0.000001

0.000000,	0.000000
0.999529,	0.030703
1.765892,	-0.154536
7.487993,	-0.000001

0.000000,	0.000000
0.999443,	0.033364
1.774484,	-0.153848
7.474967,	-0.000001

0.000000,	0.000000
0.999351,	0.036024
1.783075,	-0.153159
7.461942,	-0.000001

0.000000,	0.000000
0.999252,	0.038684
1.791663,	-0.152470
7.448916,	-0.000001

0.000000,	0.000000
0.999145,	0.041343
1.800249,	-0.151781
7.435890,	-0.000001

0.000000,	0.000000
0.999031,	0.044002
1.808832,	-0.151092
7.422863,	-0.000001

0.000000,	0.000000
0.998911,	0.046661
1.817414,	-0.150403
7.409837,	-0.000001

0.000000,	0.000000
0.998783,	0.049320
1.825993,	-0.149713
7.396810,	-0.000001

0.000000,	0.000000
0.998648,	0.051978
1.834570,	-0.149023
7.383784,	-0.000001

0.000000,	0.000000
0.998506,	0.054636
1.843144,	-0.148333
7.370757,	-0.000001

0.000000,	0.000000
0.998357,	0.057294
1.851717,	-0.147643
7.357730,	-0.000001

0.000000,	0.000000
0.998201,	0.059951
1.860287,	-0.146953
7.344703,	-0.000001

0.000000,	0.000000
0.998038,	0.062608
1.868856,	-0.146262
7.331676,	-0.000001

0.000000,	0.000000
0.997868,	0.065264
1.877422,	-0.145571
7.318649,	-0.000001

0.000000,	0.000000
0.997691,	0.067920
1.885986,	-0.144880
7.305621,	-0.000001

0.000000,	0.000000
0.997506,	0.070575
1.894548,	-0.144189
7.292594,	-0.000001

0.000000,	0.000000
0.997315,	0.073230
1.903108,	-0.143498
7.279566,	-0.000001

0.000000,	0.000000
0.997117,	0.075884
1.911666,	-0.142806
7.266538,	-0.000001

0.000000,	0.000000
0.996911,	0.078538
1.920222,	-0.142115
7.253510,	-0.000001

0.000000,	0.000000
0.996699,	0.081191
1.928776,	-0.141423
7.240482,	-0.000001

0.000000,	0.000000
0.996479,	0.083844
1.937328,	-0.140731
7.227454,	-0.000001

0.000000,	0.000000
0.996252,	0.086496
1.945879,	-0.140039
7.214426,	-0.000001

0.000000,	0.000000
0.996018,	0.089147
1.954427,	-0.139347
7.201397,	-0.000001

0.000000,	0.000000
0.995778,	0.091798
1.962973,	-0.138654
7.188369,	-0.000001

0.000000,	0.000000
0.995530,	0.094448
1.971518,	-0.137962
7.175340,	-0.000001

0.000000,	0.000000
0.995275,	0.097097
1.980060,	-0.137269
7.162311,	-0.000001

0.000000,	0.000000
0.995013,	0.099746
1.988601,	-0.136576
7.149282,	-0.000001

0.000000,	0.000000
0.994744,	0.102394
1.997140,	-0.135883
7.136253,	-0.000001

0.000000,	0.000000
0.994468,	0.105042
2.005677,	-0.135190
7.123224,	-0.000001

0.000000,	0.000000
0.994185,	0.107688
2.014212,	-0.134497
7.110194,	-0.000001

0.000000,	0.000000
0.993895,	0.110334
2.022745,	-0.133803
7.097164,	-0.000001

0.000000,	0.000000
0.993597,	0.112979
2.031277,	-0.133110
7.084135,	-0.000001

0.000000,	0.000000
0.993293,	0.115623
2.039807,	-0.132416
7.071105,	-0.000001

0.000000,	0.000000
0.992982,	0.118267
2.048335,	-0.131723
7.058075,	-0.000001

0.000000,	0.000000
0.992664,	0.120909
2.056861,	-0.131029
7.045045,	-0.000001

0.000000,	0.000000
0.992338,	0.123551
2.065386,	-0.130335
7.032014,	-0.000001

0.000000,	0.000000
0.992006,	0.126192
2.073909,	-0.129640
7.018984,	-0.000001

0.000000,	0.000000
0.991666,	0.128832
2.082430,	-0.128946
7.005953,	-0.000001

0.000000,	0.000000
0.991320,	0.131471
2.090950,	-0.128252
6.992922,	-0.000001

0.000000,	0.000000
0.990967,	0.134109
2.099468,	-0.127557
6.979892,	-0.000001

0.000000,	0.000000
0.990606,	0.136746
2.107984,	-0.126863
6.966861,	-0.000001

0.000000,	0.000000
0.990239,	0.139382
2.116499,	-0.126168
6.953829,	-0.000001

0.000000,	0.000000
0.989864,	0.142018
2.125012,	-0.125473
6.940798,	-0.000001

0.000000,	0.000000
0.989483,	0.144652
2.133523,	-0.124778
6.927767,	-0.000001

0.000000,	0.000000
0.989094,	0.147285
2.142033,	-0.124083
6.914735,	-0.000001

0.000000,	0.000000
0.988699,	0.149917
2.150541,	-0.123388
6.901703,	-0.000001

0.000000,	0.000000
0.988296,	0.152548
2.159048,	-0.122693
6.888671,	-0.000001

0.000000,	0.000000
0.987886,	0.155178
2.167553,	-0.121998
6.875639,	-0.000001

0.000000,	0.000000
0.987470,	0.157807
2.176057,	-0.121302
6.862607,	-0.000001

0.000000,	0.000000
0.987046,	0.160435
2.184559,	-0.120607
6.849575,	-0.000001

0.000000,	0.000000
0.986616,	0.163062
2.193060,	-0.119911
6.836542,	-0.000001

0.000000,	0.000000
0.986178,	0.165687
2.201559,	-0.119215
6.823509,	-0.000001

0.000000,	0.000000
0.985734,	0.168312
2.210056,	-0.118520
6.810476,	-0.000001

0.000000,	0.000000
0.985282,	0.170935
2.218552,	-0.117824
6.797443,	-0.000001

0.000000,	0.000000
0.984824,	0.173557
2.227047,	-0.117128
6.784410,	-0.000001

0.000000,	0.000000
0.984358,	0.176177
2.235540,	-0.116432
6.771377,	-0.000001

0.000000,	0.000000
0.983886,	0.178797
2.244032,	-0.115736
6.758344,	-0.000001

0.000000,	0.000000
0.983407,	0.181415
2.252522,	-0.115039
6.745310,	-0.000001

0.000000,	0.000000
0.982920,	0.184032
2.261011,	-0.114343
6.732276,	-0.000001

0.000000,	0.000000
0.982427,	0.186647
2.269498,	-0.113647
6.719242,	-0.000001

0.000000,	0.000000
0.981927,	0.189262
2.277984,	-0.112950
6.706208,	-0.000001

0.000000,	0.000000
0.981419,	0.191875
2.286469,	-0.112254
6.693174,	-0.000001

0.000000,	0.000000
0.980905,	0.194486
2.294952,	-0.111557
6.680139,	-0.000001

0.000000,	0.000000
0.980384,	0.197096
2.303434,	-0.110860
6.667105,	-0.000001

0.000000,	0.000000
0.979856,	0.199705
2.311914,	-0.110164
6.654070,	-0.000001

0.000000,	0.000000
0.979321,	0.202312
2.320393,	-0.109467
6.641035,	-0.000001

0.000000,	0.000000
0.978779,	0.204918
2.328871,	-0.108770
6.628000,	-0.000001

0.000000,	0.000000
0.978230,	0.207523
2.337348,	-0.108073
6.614965,	-0.000001

0.000000,	0.000000
0.977674,	0.210126
2.345823,	-0.107376
6.601930,	-0.000001

0.000000,	0.000000
0.977112,	0.212727
2.354297,	-0.106679
6.588894,	-0.000001

0.000000,	0.000000
0.976542,	0.215327
2.362769,	-0.105982
6.575858,	-0.000001

0.000000,	0.000000
0.975965,	0.217926
2.371240,	-0.105284
6.562823,	-0.000001

0.000000,	0.000000
0.975382,	0.220523
2.379710,	-0.104587
6.549787,	-0.000001

0.000000,	0.000000
0.974791,	0.223118
2.388179,	-0.103890
6.536750,	-0.000001

0.000000,	0.000000
0.974194,	0.225712
2.396646,	-0.103192
6.523714,	-0.000001

0.000000,	0.000000
0.973590,	0.228304
2.405112,	-0.102495
6.510677,	-0.000001

0.000000,	0.000000
0.972979,	0.230895
2.413577,	-0.101797
6.497641,	-0.000001

0.000000,	0.000000
0.972361,	0.233484
2.422041,	-0.101100
6.484604,	-0.000001

0.000000,	0.000000
0.971736,	0.236071
2.430503,	-0.100402
6.471567,	-0.000001

0.000000,	0.000000
0.971104,	0.238657
2.438965,	-0.099704
6.458530,	-0.000001

0.000000,	0.000000
0.970465,	0.241241
2.447425,	-0.099006
6.445492,	-0.000001

0.000000,	0.000000
0.969820,	0.243823
2.455883,	-0.098308
6.432455,	-0.000001

0.000000,	0.000000
0.969167,	0.246403
2.464341,	-0.097611
6.419417,	-0.000001

0.000000,	0.000000
0.968508,	0.248982
2.472797,	-0.096913
6.406379,	-0.000001

0.000000,	0.000000
0.967842,	0.251559
2.481253,	-0.096215
6.393341,	-0.000001

0.000000,	0.000000
0.967169,	0.254134
2.489707,	-0.095516
6.380303,	-0.000001

0.000000,	0.000000
0.966489,	0.256708
2.498159,	-0.094818
6.367264,	-0.000001

0.000000,	0.000000
0.965802,	0.259279
2.506611,	-0.094120
6.354226,	-0.000001

0.000000,	0.000000
0.965109,	0.261849
2.515062,	-0.093422
6.341187,	-0.000001

0.000000,	0.000000
0.964408,	0.264417
2.523511,	-0.092724
6.328148,	-0.000001

0.000000,	0.000000
0.963701,	0.266983
2.531960,	-0.092025
6.315109,	-0.000001

0.000000,	0.000000
0.962987,	0.269547
2.540407,	-0.091327
6.302070,	-0.000001

0.000000,	0.000000
0.962266,	0.272109
2.548853,	-0.090629
6.289030,	-0.000001

0.000000,	0.000000
0.961539,	0.274670
2.557298,	-0.089930
6.275990,	-0.000001

0.000000,	0.000000
0.960804,	0.277228
2.565742,	-0.089232
6.262951,	-0.000001

0.000000,	0.000000
0.960063,	0.279784
2.574184,	-0.088533
6.249911,	-0.000001

0.000000,	0.000000
0.959315,	0.282339
2.582626,	-0.087835
6.236870,	-0.000001

0.000000,	0.000000
0.958560,	0.284891
2.591067,	-0.087136
6.223830,	-0.000001

0.000000,	0.000000
0.957798,	0.287442
2.599506,	-0.086437
6.210789,	-0.000001

0.000000,	0.000000
0.957030,	0.289990
2.607945,	-0.085739
6.197749,	-0.000001

0.000000,	0.000000
0.956254,	0.292536
2.616382,	-0.085040
6.184708,	-0.000001

0.000000,	0.000000
0.955472,	0.295081
2.624818,	-0.084341
6.171666,	-0.000001

0.000000,	0.000000
0.954684,	0.297623
2.633254,	-0.083642
6.158625,	-0.000001

0.000000,	0.000000
0.953888,	0.300163
2.641688,	-0.082943
6.145584,	-0.000001

0.000000,	0.000000
0.953086,	0.302701
2.650121,	-0.082244
6.132542,	-0.000001

0.000000,	0.000000
0.952277,	0.305236
2.658553,	-0.081545
6.119500,	-0.000001

0.000000,	0.000000
0.951461,	0.307770
2.666984,	-0.080847
6.106458,	-0.000001

0.000000,	0.000000
0.950638,	0.310301
2.675415,	-0.080147
6.093416,	-0.000001

0.000000,	0.000000
0.949809,	0.312831
2.683844,	-0.079448
6.080373,	-0.000001

0.000000,	0.000000
0.948973,	0.315358
2.692272,	-0.078749
6.067331,	-0.000001

0.000000,	0.000000
0.948130,	0.317882
2.700699,	-0.078050
6.054288,	-0.000001

0.000000,	0.000000
0.947281,	0.320405
2.709125,	-0.077351
6.041245,	-0.000001

0.000000,	0.000000
0.946425,	0.322925
2.717550,	-0.076652
6.028201,	-0.000001

0.000000,	0.000000
0.945562,	0.325443
2.725975,	-0.075953
6.015158,	-0.000001

0.000000,	0.000000
0.944692,	0.327959
2.734398,	-0.075253
6.002114,	-0.000001

0.000000,	0.000000
0.943816,	0.330472
2.742820,	-0.074554
5.989070,	-0.000001

0.000000,	0.000000
0.942933,	0.332983
2.751242,	-0.073855
5.976026,	-0.000001

0.000000,	0.000000
0.942043,	0.335492
2.759662,	-0.073155
5.962982,	-0.000001

0.000000,	0.000000
0.941147,	0.337998
2.768081,	-0.072456
5.949938,	-0.000001

0.000000,	0.000000
0.940244,	0.340502
2.776500,	-0.071757
5.936893,	-0.000001

0.000000,	0.000000
0.939334,	0.343003
2.784918,	-0.071057
5.923848,	-0.000001

0.000000,	0.000000
0.938418,	0.345502
2.793334,	-0.070358
5.910803,	-0.000001

0.000000,	0.000000
0.937495,	0.347999
2.801750,	-0.069658
5.897758,	-0.000001

0.000000,	0.000000
0.936565,	0.350493
2.810165,	-0.068959
5.884713,	-0.000001

0.000000,	0.000000
0.935629,	0.352984
2.818579,	-0.068259
5.871667,	-0.000001

0.000000,	0.000000
0.934686,	0.355473
2.826992,	-0.067560
5.858621,	-0.000001

0.000000,	0.000000
0.933737,	0.357960
2.835404,	-0.066860
5.845575,	-0.000001

0.000000,	0.000000
0.932781,	0.360444
2.843815,	-0.066160
5.832529,	-0.000001

0.000000,	0.000000
0.931818,	0.362926
2.852225,	-0.065461
5.819482,	-0.000001

0.000000,	0.000000
0.930849,	0.365405
2.860635,	-0.064761
5.806435,	-0.000001

0.000000,	0.000000
0.929873,	0.367881
2.869043,	-0.064061
5.793389,	-0.000001

0.000000,	0.000000
0.928890,	0.370355
2.877451,	-0.063362
5.780341,	-0.000001

0.000000,	0.000000
0.927901,	0.372826
2.885858,	-0.062662
5.767294,	-0.000001

0.000000,	0.000000
0.926906,	0.375294
2.894264,	-0.061962
5.754247,	-0.000001

0.000000,	0.000000
0.925904,	0.377760
2.902669,	-0.061262
5.741199,	-0.000001

0.000000,	0.000000
0.924895,	0.380223
2.911073,	-0.060563
5.728151,	-0.000001

0.000000,	0.000000
0.923879,	0.382684
2.919476,	-0.059863
5.715103,	-0.000001

0.000000,	0.000000
0.922858,	0.385141
2.927879,	-0.059163
5.702054,	-0.000001

0.000000,	0.000000
0.921829,	0.387596
2.936281,	-0.058463
5.689005,	-0.000001

0.000000,	0.000000
0.920794,	0.390049
2.944681,	-0.057763
5.675957,	-0.000001

0.000000,	0.000000
0.919753,	0.392498
2.953082,	-0.057063
5.662908,	-0.000001

0.000000,	0.000000
0.918705,	0.394945
2.961481,	-0.056363
5.649858,	-0.000001

0.000000,	0.000000
0.917650,	0.397389
2.969879,	-0.055663
5.636809,	-0.000001

0.000000,	0.000000
0.916589,	0.399830
2.978277,	-0.054963
5.623759,	-0.000001

0.000000,	0.000000
0.915522,	0.402268
2.986674,	-0.054263
5.610709,	-0.000001

0.000000,	0.000000
0.914448,	0.404704
2.995070,	-0.053563
5.597659,	-0.000001

0.000000,	0.000000
0.913368,	0.407136
3.003465,	-0.052863
5.584608,	-0.000001

0.000000,	0.000000
0.912281,	0.409566
3.011859,	-0.052163
5.571558,	-0.000001

0.000000,	0.000000
0.911187,	0.411993
3.020253,	-0.051463
5.558507,	-0.000001

0.000000,	0.000000
0.910087,	0.414416
3.028646,	-0.050763
5.545456,	-0.000001

0.000000,	0.000000
0.908981,	0.416837
3.037038,	-0.050063
5.532404,	-0.000001

0.000000,	0.000000
0.907868,	0.419255
3.045429,	-0.049363
5.519353,	-0.000001

0.000000,	0.000000
0.906749,	0.421670
3.053819,	-0.048663
5.506301,	-0.000001

0.000000,	0.000000
0.905624,	0.424082
3.062209,	-0.047963
5.493249,	-0.000001

0.000000,	0.000000
0.904492,	0.426491
3.070598,	-0.047263
5.480196,	-0.000001

0.000000,	0.000000
0.903353,	0.428897
3.078986,	-0.046562
5.467144,	-0.000001

0.000000,	0.000000
0.902209,	0.431300
3.087373,	-0.045862
5.454091,	-0.000001

0.000000,	0.000000
0.901057,	0.433700
3.095760,	-0.045162
5.441038,	-0.000001

0.000000,	0.000000
0.899900,	0.436097
3.104146,	-0.044462
5.427985,	-0.000001

0.000000,	0.000000
0.898736,	0.438490
3.112531,	-0.043762
5.414931,	-0.000001

0.000000,	0.000000
0.897566,	0.440881
3.120916,	-0.043061
5.401878,	-0.000001

0.000000,	0.000000
0.896389,	0.443269
3.129299,	-0.042361
5.388824,	-0.000001

0.000000,	0.000000
0.895206,	0.445653
3.137682,	-0.041661
5.375769,	-0.000001

0.000000,	0.000000
0.894016,	0.448034
3.146065,	-0.040960
5.362715,	-0.000001

0.000000,	0.000000
0.892821,	0.450412
3.154446,	-0.040260
5.349660,	-0.000001

0.000000,	0.000000
0.891619,	0.452787
3.162827,	-0.039560
5.336605,	-0.000001

0.000000,	0.000000
0.890410,	0.455159
3.171207,	-0.038860
5.323550,	-0.000001

0.000000,	0.000000
0.889196,	0.457527
3.179586,	-0.038159
5.310495,	-0.000001

0.000000,	0.000000
0.887975,	0.459892
3.187965,	-0.037459
5.297439,	-0.000001

0.000000,	0.000000
0.886748,	0.462254
3.196343,	-0.036758
5.284383,	-0.000001

0.000000,	0.000000
0.885514,	0.464613
3.204720,	-0.036058
5.271327,	-0.000001

0.000000,	0.000000
0.884274,	0.466968
3.213097,	-0.035358
5.258270,	-0.000001

0.000000,	0.000000
0.883028,	0.469320
3.221473,	-0.034657
5.245213,	-0.000001

0.000000,	0.000000
0.881776,	0.471669
3.229848,	-0.033957
5.232156,	-0.000000

0.000000,	0.000000
0.880517,	0.474014
3.238222,	-0.033257
5.219099,	-0.000000

0.000000,	0.000000
0.879253,	0.476356
3.246596,	-0.032556
5.206042,	-0.000000

0.000000,	0.000000
0.877981,	0.478695
3.254969,	-0.031856
5.192984,	-0.000000

0.000000,	0.000000
0.876704,	0.481030
3.263342,	-0.031155
5.179926,	-0.000000

0.000000,	0.000000
0.875421,	0.483362
3.271713,	-0.030455
5.166867,	-0.000000

0.000000,	0.000000
0.874131,	0.485690
3.280084,	-0.029754
5.153809,	-0.000000

0.000000,	0.000000
0.872835,	0.488015
3.288455,	-0.029054
5.140750,	-0.000000

0.000000,	0.000000
0.871533,	0.490336
3.296825,	-0.028353
5.127691,	-0.000000

0.000000,	0.000000
0.870225,	0.492655
3.305194,	-0.027653
5.114631,	-0.000000

0.000000,	0.000000
0.868911,	0.494969
3.313562,	-0.026952
5.101572,	-0.000000

0.000000,	0.000000
0.867590,	0.497280
3.321930,	-0.026252
5.088512,	-0.000000

0.000000,	0.000000
0.866263,	0.499588
3.330297,	-0.025551
5.075451,	-0.000000

0.000000,	0.000000
0.864931,	0.501892
3.338664,	-0.024851
5.062391,	-0.000000

0.000000,	0.000000
0.863592,	0.504192
3.347030,	-0.024150
5.049330,	-0.000000

0.000000,	0.000000
0.862247,	0.506489
3.355395,	-0.023450
5.036269,	-0.000000

0.000000,	0.000000
0.860895,	0.508782
3.363759,	-0.022749
5.023208,	-0.000000

0.000000,	0.000000
0.859538,	0.511072
3.372123,	-0.022049
5.010146,	-0.000000

0.000000,	0.000000
0.858175,	0.513358
3.380487,	-0.021348
4.997084,	0.000000

0.000000,	0.000000
0.856805,	0.515640
3.388849,	-0.020648
4.984022,	0.000000

0.000000,	0.000000
0.855430,	0.517919
3.397211,	-0.019947
4.970959,	0.000000

0.000000,	0.000000
0.854048,	0.520194
3.405573,	-0.019246
4.957897,	0.000000

0.000000,	0.000000
0.852661,	0.522465
3.413934,	-0.018546
4.944834,	0.000000

0.000000,	0.000000
0.851267,	0.524733
3.422294,	-0.017845
4.931770,	0.000000

0.000000,	0.000000
0.849867,	0.526997
3.430654,	-0.017145
4.918707,	0.000000

0.000000,	0.000000
0.848462,	0.529257
3.439013,	-0.016444
4.905643,	0.000000

0.000000,	0.000000
0.847050,	0.531514
3.447371,	-0.015744
4.892578,	0.000000

0.000000,	0.000000
0.845632,	0.533766
3.455729,	-0.015043
4.879514,	0.000000

0.000000,	0.000000
0.844208,	0.536015
3.464086,	-0.014342
4.866449,	0.000000

0.000000,	0.000000
0.842779,	0.538260
3.472443,	-0.013642
4.853384,	0.000000

0.000000,	0.000000
0.841343,	0.540502
3.480799,	-0.012941
4.840318,	0.000000

0.000000,	0.000000
0.839901,	0.542739
3.489154,	-0.012240
4.827253,	0.000001

0.000000,	0.000000
0.838454,	0.544973
3.497509,	-0.011540
4.814187,	0.000001

0.000000,	0.000000
0.837000,	0.547203
3.505863,	-0.010839
4.801120,	0.000001

0.000000,	0.000000
0.835541,	0.549428
3.514217,	-0.010139
4.788054,	0.000001

0.000000,	0.000000
0.834075,	0.551650
3.522570,	-0.009438
4.774987,	0.000001

0.000000,	0.000000
0.832604,	0.553869
3.530922,	-0.008737
4.761919,	0.000001

0.000000,	0.000000
0.831127,	0.556083
3.539274,	-0.008037
4.748852,	0.000001

0.000000,	0.000000
0.829644,	0.558293
3.547626,	-0.007336
4.735784,	0.000001

0.000000,	0.000000
0.828155,	0.560499
3.555976,	-0.006635
4.722716,	0.000001

0.000000,	0.000000
0.826660,	0.562702
3.564327,	-0.005935
4.709647,	0.000001

0.000000,	0.000000
0.825159,	0.564900
3.572676,	-0.005234
4.696578,	0.000001

0.000000,	0.000000
0.823653,	0.567094
3.581025,	-0.004533
4.683509,	0.000001

0.000000,	0.000000
0.822141,	0.569284
3.589374,	-0.003833
4.670439,	0.000001

0.000000,	0.000000
0.820622,	0.571471
3.597722,	-0.003132
4.657369,	0.000001

0.000000,	0.000000
0.819098,	0.573653
3.606069,	-0.002431
4.644299,	0.000001

0.000000,	0.000000
0.817569,	0.575831
3.614416,	-0.001731
4.631229,	0.000001

0.000000,	0.000000
0.816033,	0.578005
3.622763,	-0.001030
4.618158,	0.000001

0.000000,	0.000000
0.814492,	0.580175
3.631108,	-0.000329
4.605087,	0.000001

0.000000,	0.000000
0.812945,	0.582341
3.639454,	0.000001
4.592015,	0.000001

0.000000,	0.000000
0.811392,	0.584503
3.647798,	-0.000001
4.578943,	0.000001

0.000000,	0.000000
0.809833,	0.586660
3.656143,	0.000004
4.565871,	0.000002

0.000000,	0.000000
0.808269,	0.588814
3.664486,	-0.000005
4.552798,	0.000002

0.000000,	0.000000
0.806699,	0.590963
3.672829,	0.000007
4.539726,	0.000002

0.000000,	0.000000
0.805123,	0.593108
3.681172,	-0.000007
4.526652,	0.000002

0.000000,	0.000000
0.803541,	0.595249
3.689514,	0.000008
4.513579,	0.000002

0.000000,	0.000000
0.801954,	0.597386
3.697855,	-0.000009
4.500505,	0.000002

0.000000,	0.000000
0.800361,	0.599518
3.706196,	0.000009
4.487430,	0.000002

0.000000,	0.000000
0.798762,	0.601646
3.714537,	-0.000009
4.474356,	0.000002

0.000000,	0.000000
0.797158,	0.603770
3.722877,	0.000009
4.461281,	0.000002

0.000000,	0.000000
0.795548,	0.605890
3.731216,	-0.000008
4.448205,	0.000002

0.000000,	0.000000
0.793933,	0.608005
3.739555,	0.000009
4.435130,	0.000002

0.000000,	0.000000
0.792312,	0.610116
3.747894,	0.000020
4.422054,	0.000002

0.000000,	0.000000
0.790685,	0.612223
3.756232,	0.000013
4.408977,	0.000002

0.000000,	0.000000
0.789053,	0.614326
3.764569,	0.000006
4.395900,	0.000002

0.000000,	0.000000
0.787415,	0.616424
3.772906,	-0.000001
4.382823,	0.000002

0.000000,	0.000000
0.785771,	0.618517
3.781242,	-0.000008
4.369746,	0.000003

0.000000,	0.000000
0.784122,	0.620607
3.789578,	-0.000015
4.356668,	0.000003

0.000000,	0.000000
0.782467,	0.622692
3.797914,	-0.000014
4.343589,	0.000003

0.000000,	0.000000
0.780807,	0.624772
3.806249,	0.000023
4.330511,	0.000003

0.000000,	0.000000
0.779142,	0.626848
3.814583,	-0.000019
4.317432,	0.000003

0.000000,	0.000000
0.777470,	0.628920
3.822917,	0.000018
4.304352,	0.000003

0.000000,	0.000000
0.775794,	0.630987
3.831250,	-0.000015
4.291272,	0.000003

0.000000,	0.000000
0.774111,	0.633050
3.839583,	0.000013
4.278192,	0.000003

0.000000,	0.000000
0.772424,	0.635108
3.847916,	0.000022
4.265111,	0.000003

0.000000,	0.000000
0.770730,	0.637161
3.856248,	0.000015
4.252030,	0.000003

0.000000,	0.000000
0.769032,	0.639211
3.864579,	0.000008
4.238949,	0.000003

0.000000,	0.000000
0.767328,	0.641255
3.872910,	0.000001
4.225867,	0.000003

0.000000,	0.000000
0.765618,	0.643295
3.881241,	-0.000006
4.212785,	0.000003

0.000000,	0.000000
0.763903,	0.645331
3.889571,	-0.000013
4.199702,	0.000004

0.000000,	0.000000
0.762183,	0.647362
3.897901,	-0.000019
4.186619,	0.000004

0.000000,	0.000000
0.760457,	0.649388
3.906230,	0.000009
4.173536,	0.000004

0.000000,	0.000000
0.758726,	0.651410
3.914555,	0.000003
4.160452,	0.000004

0.000000,	0.000000
0.756989,	0.653427
3.911831,	-0.000001
4.147368,	0.000004

0.000000,	0.000000
0.755247,	0.655440
3.909102,	0.000027
4.134283,	0.000004

0.000000,	0.000000
0.753500,	0.657448
3.906373,	0.000020
4.121198,	0.000004

0.000000,	0.000000
0.751747,	0.659451
3.903644,	0.000013
4.108113,	0.000004

0.000000,	0.000000
0.749990,	0.661450
3.900914,	0.000006
4.095027,	0.000004

0.000000,	0.000000
0.748226,	0.663444
3.898184,	-0.000001
4.081941,	0.000004

0.000000,	0.000000
0.746458,	0.665433
3.895453,	-0.000007
4.068854,	0.000005

0.000000,	0.000000
0.744684,	0.667417
3.892722,	-0.000014
4.055767,	0.000005

0.000000,	0.000000
0.742905,	0.669397
3.889990,	-0.000017
4.042679,	0.000005

0.000000,	0.000000
0.741120,	0.671372
3.887258,	0.000020
4.029591,	0.000005

0.000000,	0.000000
0.739331,	0.673342
3.884525,	-0.000008
4.016502,	0.000005

0.000000,	0.000000
0.737536,	0.675308
3.881792,	0.000008
4.003413,	0.000005

0.000000,	0.000000
0.735736,	0.677269
3.879058,	0.000010
3.990324,	0.000005

0.000000,	0.000000
0.733931,	0.679224
3.876324,	-0.000005
3.977234,	0.000005

0.000000,	0.000000
0.732120,	0.681176
3.873590,	0.000028
3.964144,	0.000005

0.000000,	0.000000
0.730304,	0.683122
3.870855,	-0.000018
3.951053,	0.000006

0.000000,	0.000000
0.728484,	0.685063
3.868119,	0.000019
3.937962,	0.000006

0.000000,	0.000000
0.726658,	0.687000
3.865383,	-0.000004
3.924870,	0.000006

0.000000,	0.000000
0.724826,	0.688932
3.862647,	0.000006
3.911778,	0.000006

0.000000,	0.000000
0.722990,	0.690858
3.859910,	0.000016
3.898686,	0.000006

0.000000,	0.000000
0.721149,	0.692780
3.857172,	-0.000008
3.885592,	0.000006

0.000000,	0.000000
0.719302,	0.694697
3.854434,	0.000029
3.872499,	0.000006

0.000000,	0.000000
0.717451,	0.696609
3.851696,	0.000026
3.859405,	0.000006

0.000000,	0.000000
0.715594,	0.698517
3.846285,	0.000019
3.846310,	0.000007

