0.000000,	0.000000
0.759260,	0.650788
2.520591,	0.000064
2.520591,	-0.000037

0.000000,	0.000000
0.758913,	0.651192
2.515323,	0.000117
2.515323,	-0.000090

0.000000,	0.000000
0.758566,	0.651596
2.510055,	0.000170
2.510055,	-0.000143

0.000000,	0.000000
0.758219,	0.652000
2.504788,	0.000222
2.504788,	-0.000196

0.000000,	0.000000
0.757872,	0.652403
2.499520,	0.000275
2.499520,	-0.000248

0.000000,	0.000000
0.757525,	0.652807
2.494252,	0.000328
2.494252,	-0.000301

0.000000,	0.000000
0.757177,	0.653210
2.488984,	0.000381
2.488984,	-0.000354

0.000000,	0.000000
0.756829,	0.653613
2.483716,	0.000433
2.483716,	-0.000407

0.000000,	0.000000
0.756481,	0.654016
2.478448,	0.000486
2.478448,	-0.000459

0.000000,	0.000000
0.756133,	0.654418
2.473180,	0.000539
2.473180,	-0.000512

0.000000,	0.000000
0.755784,	0.654821
2.467912,	0.000591
2.467912,	-0.000565

0.000000,	0.000000
0.755436,	0.655223
2.462644,	0.000644
2.462644,	-0.000618

0.000000,	0.000000
0.755087,	0.655625
2.457376,	0.000697
2.457376,	-0.000670

0.000000,	0.000000
0.754738,	0.656027
2.452108,	0.000749
2.452108,	-0.000723

0.000000,	0.000000
0.754388,	0.656428
2.446839,	0.000802
2.446839,	-0.000776

0.000000,	0.000000
0.754039,	0.656830
2.441571,	0.000855
2.441571,	-0.000829

0.000000,	0.000000
0.753689,	0.657231
2.436303,	0.000908
2.436303,	-0.000881

0.000000,	0.000000
0.753339,	0.657632
2.431034,	0.000960
2.431034,	-0.000934

0.000000,	0.000000
0.752989,	0.658033
2.425766,	0.001013
2.425766,	-0.000987

0.000000,	0.000000
0.752638,	0.658434
2.420497,	0.001066
2.420497,	-0.001040

0.000000,	0.000000
0.752288,	0.658835
2.415229,	0.001118
2.415229,	-0.001092

0.000000,	0.000000
0.751937,	0.659235
2.409960,	0.001171
2.409960,	-0.001145

0.000000,	0.000000
0.751586,	0.659635
2.404692,	0.001224
2.404692,	-0.001198

0.000000,	0.000000
0.751235,	0.660035
2.399423,	0.001276
2.399423,	-0.001251

0.000000,	0.000000
0.750883,	0.660435
2.394154,	0.001329
2.394154,	-0.001303

0.000000,	0.000000
0.750532,	0.660835
2.388885,	0.001382
2.388885,	-0.001356

0.000000,	0.000000
0.750180,	0.661234
2.383617,	0.001435
2.383617,	-0.001409

0.000000,	0.000000
0.749828,	0.661633
2.378348,	0.001487
2.378348,	-0.001462

0.000000,	0.000000
0.749475,	0.662032
2.373079,	0.001540
2.373079,	-0.001514

0.000000,	0.000000
0.749123,	0.662431
2.367810,	0.001593
2.367810,	-0.001567

0.000000,	0.000000
0.748770,	0.662830
2.362541,	0.001645
2.362541,	-0.001620

0.000000,	0.000000
0.748417,	0.663228
2.357272,	0.001698
2.357272,	-0.001673

0.000000,	0.000000
0.748064,	0.663627
2.352002,	0.001751
2.352002,	-0.001725

0.000000,	0.000000
0.747710,	0.664025
2.346733,	0.001804
2.346733,	-0.001778

0.000000,	0.000000
0.747357,	0.664423
2.341464,	0.001856
2.341464,	-0.001831

0.000000,	0.000000
0.747003,	0.664821
2.336195,	0.001909
2.336195,	-0.001883

0.000000,	0.000000
0.746649,	0.665218
2.330925,	0.001962
2.330925,	-0.001936

0.000000,	0.000000
0.746295,	0.665616
2.325656,	0.002014
2.325656,	-0.001989

0.000000,	0.000000
0.745940,	0.666013
2.320386,	0.002067
2.320387,	-0.002042

0.000000,	0.000000
0.745586,	0.666410
2.315117,	0.002120
2.315117,	-0.002094

0.000000,	0.000000
0.745231,	0.666807
2.309847,	0.002173
2.309847,	-0.002147

0.000000,	0.000000
0.744876,	0.667203
2.304578,	0.002225
2.304578,	-0.002200

0.000000,	0.000000
0.744520,	0.667600
2.299308,	0.002278
2.299308,	-0.002253

0.000000,	0.000000
0.744165,	0.667996
2.294038,	0.002331
2.294038,	-0.002305

0.000000,	0.000000
0.743809,	0.668392
2.288769,	0.002383
2.288769,	-0.002358

0.000000,	0.000000
0.743453,	0.668788
2.283499,	0.002436
2.283499,	-0.002411

0.000000,	0.000000
0.743097,	0.669183
2.278229,	0.002489
2.278229,	-0.002464

0.000000,	0.000000
0.742741,	0.669579
2.272959,	0.002542
2.272959,	-0.002516

0.000000,	0.000000
0.742384,	0.669974
2.267689,	0.002594
2.267689,	-0.002569

0.000000,	0.000000
0.742028,	0.670369
2.262419,	0.002647
2.262419,	-0.002622

0.000000,	0.000000
0.741671,	0.670764
2.257149,	0.002700
2.257149,	-0.002675

0.000000,	0.000000
0.741313,	0.671159
2.251879,	0.002752
2.251879,	-0.002727

0.000000,	0.000000
0.740956,	0.671554
2.246608,	0.002805
2.246608,	-0.002780

0.000000,	0.000000
0.740598,	0.671948
2.241338,	0.002858
2.241338,	-0.002833

0.000000,	0.000000
0.740241,	0.672342
2.236068,	0.002911
2.236068,	-0.002885

0.000000,	0.000000
0.739883,	0.672736
2.230797,	0.002963
2.230797,	-0.002938

0.000000,	0.000000
0.739524,	0.673130
2.225527,	0.003016
2.225527,	-0.002991

0.000000,	0.000000
0.739166,	0.673523
2.220256,	0.003069
2.220256,	-0.003044

0.000000,	0.000000
0.738807,	0.673917
2.214986,	0.003121
2.214986,	-0.003096

0.000000,	0.000000
0.738448,	0.674310
2.209715,	0.003174
2.209715,	-0.003149

0.000000,	0.000000
0.738089,	0.674703
2.204444,	0.003227
2.204445,	-0.003202

0.000000,	0.000000
0.737730,	0.675096
2.199174,	0.003280
2.199174,	-0.003255

0.000000,	0.000000
0.737371,	0.675488
2.193903,	0.003332
2.193903,	-0.003307

0.000000,	0.000000
0.737011,	0.675881
2.188632,	0.003385
2.188632,	-0.003360

0.000000,	0.000000
0.736651,	0.676273
2.183361,	0.003438
2.183361,	-0.003413

0.000000,	0.000000
0.736291,	0.676665
2.178090,	0.003491
2.178090,	-0.003465

0.000000,	0.000000
0.735931,	0.677057
2.172819,	0.003543
2.172819,	-0.003518

0.000000,	0.000000
0.735570,	0.677449
2.167548,	0.003596
2.167548,	-0.003571

0.000000,	0.000000
0.735209,	0.677840
2.162277,	0.003649
2.162277,	-0.003624

0.000000,	0.000000
0.734848,	0.678231
2.157006,	0.003701
2.157006,	-0.003676

0.000000,	0.000000
0.734487,	0.678623
2.151734,	0.003754
2.151734,	-0.003729

0.000000,	0.000000
0.734126,	0.679013
2.146463,	0.003807
2.146463,	-0.003782

0.000000,	0.000000
0.733764,	0.679404
2.141192,	0.003860
2.141192,	-0.003834

0.000000,	0.000000
0.733403,	0.679795
2.135920,	0.003912
2.135920,	-0.003887

0.000000,	0.000000
0.733041,	0.680185
2.130649,	0.003965
2.130649,	-0.003940

0.000000,	0.000000
0.732678,	0.680575
2.125377,	0.004018
2.125377,	-0.003993

0.000000,	0.000000
0.732316,	0.680965
2.120105,	0.004071
2.120105,	-0.004045

0.000000,	0.000000
0.731953,	0.681355
2.114834,	0.004123
2.114834,	-0.004098

0.000000,	0.000000
0.731591,	0.681744
2.109562,	0.004176
2.109562,	-0.004151

0.000000,	0.000000
0.731227,	0.682134
2.104290,	0.004229
2.104290,	-0.004204

0.000000,	0.000000
0.730864,	0.682523
2.099018,	0.004281
2.099018,	-0.004256

0.000000,	0.000000
0.730501,	0.682912
2.093746,	0.004334
2.093746,	-0.004309

0.000000,	0.000000
0.730137,	0.683301
2.088474,	0.004387
2.088474,	-0.004362

0.000000,	0.000000
0.729773,	0.683689
2.083202,	0.004440
2.083202,	-0.004414

0.000000,	0.000000
0.729409,	0.684078
2.077930,	0.004492
2.077930,	-0.004467

0.000000,	0.000000
0.729045,	0.684466
2.072657,	0.004545
2.072657,	-0.004520

0.000000,	0.000000
0.728681,	0.684854
2.067385,	0.004598
2.067385,	-0.004572

0.000000,	0.000000
0.728316,	0.685242
2.062113,	0.004651
2.062113,	-0.004625

0.000000,	0.000000
0.727951,	0.685629
2.056840,	0.004703
2.056840,	-0.004678

0.000000,	0.000000
0.727586,	0.686017
2.051568,	0.004756
2.051568,	-0.004731

0.000000,	0.000000
0.727221,	0.686404
2.046295,	0.004809
2.046295,	-0.004783

0.000000,	0.000000
0.726855,	0.686791
2.041022,	0.004862
2.041023,	-0.004836

0.000000,	0.000000
0.726489,	0.687178
2.035750,	0.004914
2.035750,	-0.004889

0.000000,	0.000000
0.726123,	0.687564
2.030477,	0.004967
2.030477,	-0.004941

0.000000,	0.000000
0.725757,	0.687951
2.025204,	0.005020
2.025204,	-0.004994

0.000000,	0.000000
0.725391,	0.688337
2.019931,	0.005073
2.019931,	-0.005047

0.000000,	0.000000
0.725024,	0.688723
2.014658,	0.005125
2.014658,	-0.005100

0.000000,	0.000000
0.724658,	0.689109
2.009385,	0.005178
2.009385,	-0.005152

0.000000,	0.000000
0.724291,	0.689495
2.004112,	0.005231
2.004112,	-0.005205

0.000000,	0.000000
0.723924,	0.689880
1.998839,	0.005284
1.998839,	-0.005258

0.000000,	0.000000
0.723556,	0.690265
1.993565,	0.005336
1.993565,	-0.005310

0.000000,	0.000000
0.723189,	0.690650
1.988292,	0.005389
1.988292,	-0.005363

0.000000,	0.000000
0.722821,	0.691035
1.983019,	0.005442
1.983019,	-0.005416

0.000000,	0.000000
0.722453,	0.691420
1.977745,	0.005494
1.977745,	-0.005468

0.000000,	0.000000
0.722085,	0.691805
1.972472,	0.005547
1.972472,	-0.005521

0.000000,	0.000000
0.721716,	0.692189
1.967198,	0.005600
1.967198,	-0.005574

0.000000,	0.000000
0.721348,	0.692573
1.961924,	0.005653
1.961924,	-0.005626

0.000000,	0.000000
0.720979,	0.692957
1.956650,	0.005705
1.956650,	-0.005679

0.000000,	0.000000
0.720610,	0.693341
1.951376,	0.005758
1.951377,	-0.005732

0.000000,	0.000000
0.720241,	0.693724
1.946103,	0.005811
1.946103,	-0.005785

0.000000,	0.000000
0.719871,	0.694107
1.940828,	0.005864
1.940829,	-0.005837

0.000000,	0.000000
0.719502,	0.694490
1.935554,	0.005916
1.935554,	-0.005890

0.000000,	0.000000
0.719132,	0.694873
1.930280,	0.005969
1.930280,	-0.005943

0.000000,	0.000000
0.718762,	0.695256
1.925006,	0.006022
1.925006,	-0.005995

0.000000,	0.000000
0.718392,	0.695639
1.919732,	0.006075
1.919732,	-0.006048

0.000000,	0.000000
0.718021,	0.696021
1.914457,	0.006127
1.914457,	-0.006101

0.000000,	0.000000
0.717651,	0.696403
1.909183,	0.006180
1.909183,	-0.006153

0.000000,	0.000000
0.717280,	0.696785
1.903908,	0.006233
1.903908,	-0.006206

0.000000,	0.000000
0.716909,	0.697167
1.898634,	0.006286
1.898634,	-0.006259

0.000000,	0.000000
0.716538,	0.697548
1.893359,	0.006338
1.893359,	-0.006311

0.000000,	0.000000
0.716166,	0.697930
1.888084,	0.006391
1.888084,	-0.006364

0.000000,	0.000000
0.715795,	0.698311
1.882809,	0.006444
1.882809,	-0.006417

0.000000,	0.000000
0.715423,	0.698692
1.877534,	0.006497
1.877534,	-0.006469

0.000000,	0.000000
0.715051,	0.699073
1.872259,	0.006550
1.872259,	-0.006522

0.000000,	0.000000
0.714679,	0.699453
1.866984,	0.006602
1.866984,	-0.006575

0.000000,	0.000000
0.714306,	0.699833
1.861709,	0.006655
1.861709,	-0.006627

0.000000,	0.000000
0.713933,	0.700214
1.856433,	0.006708
1.856434,	-0.006680

0.000000,	0.000000
0.713561,	0.700594
1.851158,	0.006761
1.851158,	-0.006733

0.000000,	0.000000
0.713188,	0.700973
1.845883,	0.006813
1.845883,	-0.006785

0.000000,	0.000000
0.712814,	0.701353
1.840607,	0.006866
1.840607,	-0.006838

0.000000,	0.000000
0.712441,	0.701732
1.835331,	0.006919
1.835332,	-0.006891

0.000000,	0.000000
0.712067,	0.702111
1.830056,	0.006972
1.830056,	-0.006943

0.000000,	0.000000
0.711693,	0.702490
1.824780,	0.007024
1.824780,	-0.006996

0.000000,	0.000000
0.711319,	0.702869
1.819504,	0.007077
1.819504,	-0.007049

0.000000,	0.000000
0.710945,	0.703248
1.814228,	0.007130
1.814228,	-0.007101

0.000000,	0.000000
0.710570,	0.703626
1.808952,	0.007183
1.808952,	-0.007154

0.000000,	0.000000
0.710196,	0.704004
1.803676,	0.007235
1.803676,	-0.007207

0.000000,	0.000000
0.709821,	0.704382
1.798400,	0.007288
1.798400,	-0.007259

0.000000,	0.000000
0.709446,	0.704760
1.793123,	0.007341
1.793123,	-0.007312

0.000000,	0.000000
0.709071,	0.705137
1.787847,	0.007394
1.787847,	-0.007365

0.000000,	0.000000
0.708695,	0.705515
1.782570,	0.007447
1.782571,	-0.007417

0.000000,	0.000000
0.708319,	0.705892
1.777294,	0.007499
1.777294,	-0.007470

0.000000,	0.000000
0.707944,	0.706269
1.772017,	0.007552
1.772017,	-0.007522

0.000000,	0.000000
0.707568,	0.706646
1.766740,	0.007605
1.766740,	-0.007575

0.000000,	0.000000
0.707191,	0.707022
1.761463,	0.007658
1.761464,	-0.007628

0.000000,	0.000000
0.706815,	0.707399
1.756187,	0.007710
1.756187,	-0.007680

0.000000,	0.000000
0.706438,	0.707775
1.750909,	0.007763
1.750910,	-0.007733

0.000000,	0.000000
0.706061,	0.708151
1.745632,	0.007816
1.745632,	-0.007786

0.000000,	0.000000
0.705684,	0.708527
1.740355,	0.007869
1.740355,	-0.007838

0.000000,	0.000000
0.705307,	0.708902
1.735078,	0.007922
1.735078,	-0.007891

0.000000,	0.000000
0.704929,	0.709278
1.729800,	0.007974
1.729800,	-0.007944

0.000000,	0.000000
0.704552,	0.709653
1.724523,	0.008027
1.724523,	-0.007996

0.000000,	0.000000
0.704174,	0.710028
1.719245,	0.008080
1.719245,	-0.008049

0.000000,	0.000000
0.703796,	0.710402
1.713967,	0.008133
1.713968,	-0.008101

0.000000,	0.000000
0.703417,	0.710777
1.708690,	0.008185
1.708690,	-0.008154

0.000000,	0.000000
0.703039,	0.711151
1.703412,	0.008238
1.703412,	-0.008207

0.000000,	0.000000
0.702660,	0.711525
1.698134,	0.008291
1.698134,	-0.008259

0.000000,	0.000000
0.702281,	0.711899
1.692856,	0.008344
1.692856,	-0.008312

0.000000,	0.000000
0.701902,	0.712273
1.687577,	0.008397
1.687578,	-0.008365

0.000000,	0.000000
0.701523,	0.712647
1.682299,	0.008449
1.682299,	-0.008417

0.000000,	0.000000
0.701144,	0.713020
1.677021,	0.008502
1.677021,	-0.008470

0.000000,	0.000000
0.700764,	0.713393
1.671742,	0.008555
1.671742,	-0.008522

0.000000,	0.000000
0.700384,	0.713766
1.666464,	0.008608
1.666464,	-0.008575

0.000000,	0.000000
0.700004,	0.714139
1.661185,	0.008660
1.661185,	-0.008628

0.000000,	0.000000
0.699624,	0.714511
1.655906,	0.008713
1.655906,	-0.008680

0.000000,	0.000000
0.699243,	0.714884
1.650627,	0.008766
1.650627,	-0.008733

0.000000,	0.000000
0.698863,	0.715256
1.645348,	0.008819
1.645348,	-0.008785

0.000000,	0.000000
0.698482,	0.715628
1.640069,	0.008872
1.640069,	-0.008838

0.000000,	0.000000
0.698101,	0.716000
1.634790,	0.008924
1.634790,	-0.008891

0.000000,	0.000000
0.697719,	0.716371
1.629510,	0.008977
1.629511,	-0.008943

0.000000,	0.000000
0.697338,	0.716742
1.624231,	0.009030
1.624231,	-0.008996

0.000000,	0.000000
0.696956,	0.717114
1.618951,	0.009083
1.618952,	-0.009048

0.000000,	0.000000
0.696575,	0.717484
1.613672,	0.009136
1.613672,	-0.009101

0.000000,	0.000000
0.696192,	0.717855
1.608392,	0.009188
1.608392,	-0.009154

0.000000,	0.000000
0.695810,	0.718226
1.603112,	0.009241
1.603112,	-0.009206

0.000000,	0.000000
0.695428,	0.718596
1.597832,	0.009294
1.597832,	-0.009259

0.000000,	0.000000
0.695045,	0.718966
1.592552,	0.009347
1.592552,	-0.009311

0.000000,	0.000000
0.694662,	0.719336
1.587272,	0.009400
1.587272,	-0.009364

0.000000,	0.000000
0.694279,	0.719706
1.581991,	0.009452
1.581992,	-0.009416

0.000000,	0.000000
0.693896,	0.720075
1.576711,	0.009505
1.576711,	-0.009469

0.000000,	0.000000
0.693513,	0.720444
1.571430,	0.009558
1.571431,	-0.009522

0.000000,	0.000000
0.693129,	0.720814
1.566150,	0.009611
1.566150,	-0.009574

0.000000,	0.000000
0.692745,	0.721182
1.560869,	0.009664
1.560869,	-0.009627

0.000000,	0.000000
0.692361,	0.721551
1.555588,	0.009716
1.555588,	-0.009679

0.000000,	0.000000
0.691977,	0.721920
1.550307,	0.009769
1.550307,	-0.009732

0.000000,	0.000000
0.691593,	0.722288
1.545026,	0.009822
1.545026,	-0.009784

0.000000,	0.000000
0.691208,	0.722656
1.539744,	0.009875
1.539745,	-0.009837

0.000000,	0.000000
0.690823,	0.723024
1.534463,	0.009928
1.534463,	-0.009889

0.000000,	0.000000
0.690438,	0.723391
1.529181,	0.009981
1.529182,	-0.009942

0.000000,	0.000000
0.690053,	0.723759
1.523900,	0.010033
1.523900,	-0.009995

0.000000,	0.000000
0.689668,	0.724126
1.518618,	0.010086
1.518618,	-0.010047

0.000000,	0.000000
0.689282,	0.724493
1.513336,	0.010139
1.513336,	-0.010100

0.000000,	0.000000
0.688896,	0.724860
1.508054,	0.010192
1.508054,	-0.010152

0.000000,	0.000000
0.688510,	0.725227
1.502772,	0.010245
1.502772,	-0.010205

0.000000,	0.000000
0.688124,	0.725593
1.497490,	0.010297
1.497490,	-0.010257

0.000000,	0.000000
0.687738,	0.725959
1.492207,	0.010350
1.492208,	-0.010310

0.000000,	0.000000
0.687351,	0.726325
1.486925,	0.010403
1.486925,	-0.010362

0.000000,	0.000000
0.686964,	0.726691
1.481642,	0.010456
1.481642,	-0.010415

0.000000,	0.000000
0.686578,	0.727057
1.476359,	0.010509
1.476360,	-0.010467

0.000000,	0.000000
0.686190,	0.727422
1.471076,	0.010562
1.471077,	-0.010520

0.000000,	0.000000
0.685803,	0.727787
1.465793,	0.010614
1.465794,	-0.010572

0.000000,	0.000000
0.685416,	0.728152
1.460510,	0.010667
1.460511,	-0.010625

0.000000,	0.000000
0.685028,	0.728517
1.455227,	0.010720
1.455227,	-0.010677

0.000000,	0.000000
0.684640,	0.728881
1.449943,	0.010773
1.449944,	-0.010730

0.000000,	0.000000
0.684252,	0.729246
1.444660,	0.010826
1.444660,	-0.010782

0.000000,	0.000000
0.683863,	0.729610
1.439376,	0.010879
1.439377,	-0.010835

0.000000,	0.000000
0.683475,	0.729974
1.434092,	0.010931
1.434093,	-0.010887

0.000000,	0.000000
0.683086,	0.730338
1.428808,	0.010984
1.428809,	-0.010940

0.000000,	0.000000
0.682697,	0.730701
1.423524,	0.011037
1.423525,	-0.010992

0.000000,	0.000000
0.682308,	0.731065
1.418240,	0.011090
1.418240,	-0.011045

0.000000,	0.000000
0.681919,	0.731428
1.412956,	0.011143
1.412956,	-0.011097

0.000000,	0.000000
0.681530,	0.731791
1.407671,	0.011196
1.407671,	-0.011150

0.000000,	0.000000
0.681140,	0.732153
1.402386,	0.011248
1.402387,	-0.011202

0.000000,	0.000000
0.680750,	0.732516
1.397101,	0.011301
1.397102,	-0.011255

0.000000,	0.000000
0.680360,	0.732878
1.391816,	0.011354
1.391817,	-0.011307

0.000000,	0.000000
0.679970,	0.733240
1.386531,	0.011407
1.386532,	-0.011360

0.000000,	0.000000
0.679579,	0.733602
1.381246,	0.011460
1.381246,	-0.011412

0.000000,	0.000000
0.679189,	0.733964
1.375961,	0.011513
1.375961,	-0.011465

0.000000,	0.000000
0.678798,	0.734325
1.370675,	0.011566
1.370675,	-0.011517

0.000000,	0.000000
0.678407,	0.734686
1.365389,	0.011618
1.365390,	-0.011570

0.000000,	0.000000
0.678016,	0.735047
1.360103,	0.011671
1.360104,	-0.011622

0.000000,	0.000000
0.677624,	0.735408
1.354817,	0.011724
1.354818,	-0.011675

0.000000,	0.000000
0.677233,	0.735769
1.349531,	0.011777
1.349532,	-0.011727

0.000000,	0.000000
0.676841,	0.736129
1.344245,	0.011830
1.344245,	-0.011779

0.000000,	0.000000
0.676449,	0.736489
1.338958,	0.011883
1.338959,	-0.011832

0.000000,	0.000000
0.676057,	0.736849
1.333671,	0.011936
1.333672,	-0.011884

0.000000,	0.000000
0.675665,	0.737209
1.328385,	0.011988
1.328385,	-0.011937

0.000000,	0.000000
0.675272,	0.737569
1.323098,	0.012041
1.323098,	-0.011989

0.000000,	0.000000
0.674879,	0.737928
1.317810,	0.012094
1.317811,	-0.012042

0.000000,	0.000000
0.674486,	0.738287
1.312523,	0.012147
1.312524,	-0.012094

0.000000,	0.000000
0.674093,	0.738646
1.307236,	0.012200
1.307236,	-0.012146

0.000000,	0.000000
0.673700,	0.739005
1.301948,	0.012253
1.301949,	-0.012199

0.000000,	0.000000
0.673306,	0.739364
1.296660,	0.012306
1.296661,	-0.012251

0.000000,	0.000000
0.672913,	0.739722
1.291372,	0.012358
1.291373,	-0.012304

0.000000,	0.000000
0.672519,	0.740080
1.286084,	0.012411
1.286085,	-0.012356

0.000000,	0.000000
0.672125,	0.740438
1.280796,	0.012464
1.280796,	-0.012408

0.000000,	0.000000
0.671731,	0.740796
1.275507,	0.012517
1.275508,	-0.012461

0.000000,	0.000000
0.671336,	0.741153
1.270219,	0.012570
1.270219,	-0.012513

0.000000,	0.000000
0.670941,	0.741510
1.264930,	0.012623
1.264930,	-0.012565

0.000000,	0.000000
0.670547,	0.741867
1.259641,	0.012676
1.259641,	-0.012618

0.000000,	0.000000
0.670152,	0.742224
1.254351,	0.012729
1.254352,	-0.012670

0.000000,	0.000000
0.669756,	0.742581
1.249062,	0.012781
1.249063,	-0.012723

0.000000,	0.000000
0.669361,	0.742937
1.243772,	0.012834
1.243773,	-0.012775

0.000000,	0.000000
0.668965,	0.743294
1.238483,	0.012887
1.238483,	-0.012827

0.000000,	0.000000
0.668570,	0.743650
1.233193,	0.012940
1.233193,	-0.012880

0.000000,	0.000000
0.668174,	0.744005
1.227903,	0.012993
1.227903,	-0.012932

0.000000,	0.000000
0.667777,	0.744361
1.222612,	0.013046
1.222613,	-0.012984

0.000000,	0.000000
0.667381,	0.744716
1.217322,	0.013099
1.217322,	-0.013037

0.000000,	0.000000
0.666985,	0.745072
1.212031,	0.013152
1.212032,	-0.013089

0.000000,	0.000000
0.666588,	0.745426
1.206740,	0.013204
1.206741,	-0.013141

0.000000,	0.000000
0.666191,	0.745781
1.201449,	0.013257
1.201450,	-0.013194

0.000000,	0.000000
0.665794,	0.746136
1.196158,	0.013310
1.196158,	-0.013246

0.000000,	0.000000
0.665397,	0.746490
1.190866,	0.013363
1.190867,	-0.013298

0.000000,	0.000000
0.664999,	0.746844
1.185575,	0.013416
1.185575,	-0.013351

0.000000,	0.000000
0.664601,	0.747198
1.180283,	0.013469
1.180283,	-0.013403

0.000000,	0.000000
0.664204,	0.747552
1.174991,	0.013522
1.174991,	-0.013455

0.000000,	0.000000
0.663805,	0.747905
1.169698,	0.013575
1.169699,	-0.013507

0.000000,	0.000000
0.663407,	0.748259
1.164406,	0.013628
1.164407,	-0.013560

0.000000,	0.000000
0.663009,	0.748612
1.159113,	0.013681
1.159114,	-0.013612

0.000000,	0.000000
0.662610,	0.748964
1.153820,	0.013733
1.153821,	-0.013664

0.000000,	0.000000
0.662211,	0.749317
1.148527,	0.013786
1.148528,	-0.013716

0.000000,	0.000000
0.661812,	0.749669
1.143234,	0.013839
1.143234,	-0.013769

0.000000,	0.000000
0.661413,	0.750022
1.137940,	0.013892
1.137941,	-0.013821

0.000000,	0.000000
0.661014,	0.750374
1.132646,	0.013945
1.132647,	-0.013873

0.000000,	0.000000
0.660614,	0.750725
1.127352,	0.013998
1.127353,	-0.013925

0.000000,	0.000000
0.660215,	0.751077
1.122058,	0.014051
1.122059,	-0.013978

0.000000,	0.000000
0.659815,	0.751428
1.116763,	0.014104
1.116764,	-0.014030

0.000000,	0.000000
0.659415,	0.751779
1.111469,	0.014157
1.111470,	-0.014082

0.000000,	0.000000
0.659014,	0.752130
1.106174,	0.014210
1.106175,	-0.014134

0.000000,	0.000000
0.658614,	0.752481
1.100879,	0.014262
1.100880,	-0.014186

0.000000,	0.000000
0.658213,	0.752832
1.095583,	0.014315
1.095584,	-0.014239

0.000000,	0.000000
0.657812,	0.753182
1.090288,	0.014368
1.090289,	-0.014291

0.000000,	0.000000
0.657411,	0.753532
1.084992,	0.014421
1.084993,	-0.014343

0.000000,	0.000000
0.657010,	0.753882
1.079696,	0.014474
1.079697,	-0.014395

0.000000,	0.000000
0.656609,	0.754231
1.074399,	0.014527
1.074400,	-0.014447

0.000000,	0.000000
0.656207,	0.754581
1.069103,	0.014580
1.069104,	-0.014500

0.000000,	0.000000
0.655805,	0.754930
1.063806,	0.014633
1.063807,	-0.014552

0.000000,	0.000000
0.655403,	0.755279
1.058509,	0.014686
1.058510,	-0.014604

0.000000,	0.000000
0.655001,	0.755628
1.053211,	0.014739
1.053213,	-0.014656

0.000000,	0.000000
0.654599,	0.755977
1.047914,	0.014792
1.047915,	-0.014708

0.000000,	0.000000
0.654196,	0.756325
1.042616,	0.014845
1.042617,	-0.014760

0.000000,	0.000000
0.653793,	0.756673
1.037318,	0.014898
1.037319,	-0.014812

0.000000,	0.000000
0.653391,	0.757021
1.032020,	0.014950
1.032021,	-0.014864

0.000000,	0.000000
0.652988,	0.757369
1.026721,	0.015003
1.026722,	-0.014916

0.000000,	0.000000
0.652584,	0.757716
1.021422,	0.015056
1.021423,	-0.014969

0.000000,	0.000000
0.652181,	0.758063
1.016123,	0.015109
1.016124,	-0.015021

0.000000,	0.000000
0.651777,	0.758411
1.010823,	0.015162
1.010825,	-0.015073

0.000000,	0.000000
0.651373,	0.758757
1.005524,	0.015215
1.005525,	-0.015125

0.000000,	0.000000
0.650969,	0.759104
1.000224,	0.015268
1.000225,	-0.015177

0.000000,	0.000000
0.650565,	0.759450
0.994923,	0.015321
0.994925,	-0.015229

0.000000,	0.000000
0.650161,	0.759797
0.989623,	0.015374
0.989624,	-0.015281

0.000000,	0.000000
0.649756,	0.760143
0.984322,	0.015427
0.984323,	-0.015333

0.000000,	0.000000
0.649351,	0.760488
0.979021,	0.015480
0.979022,	-0.015385

0.000000,	0.000000
0.648946,	0.760834
0.973719,	0.015533
0.973721,	-0.015437

0.000000,	0.000000
0.648541,	0.761179
0.968417,	0.015586
0.968419,	-0.015489

0.000000,	0.000000
0.648136,	0.761525
0.963115,	0.015638
0.963117,	-0.015541

0.000000,	0.000000
0.647731,	0.761869
0.957813,	0.015691
0.957815,	-0.015593

0.000000,	0.000000
0.647325,	0.762214
0.952510,	0.015744
0.952512,	-0.015645

0.000000,	0.000000
0.646919,	0.762559
0.947207,	0.015797
0.947209,	-0.015697

0.000000,	0.000000
0.646513,	0.762903
0.941904,	0.015850
0.941906,	-0.015749

0.000000,	0.000000
0.646107,	0.763247
0.936600,	0.015903
0.936602,	-0.015801

0.000000,	0.000000
0.645700,	0.763591
0.931297,	0.015956
0.931298,	-0.015853

0.000000,	0.000000
0.645294,	0.763934
0.925992,	0.016009
0.925994,	-0.015905

0.000000,	0.000000
0.644887,	0.764278
0.920688,	0.016062
0.920689,	-0.015957

0.000000,	0.000000
0.644480,	0.764621
0.915383,	0.016115
0.915384,	-0.016008

0.000000,	0.000000
0.644073,	0.764964
0.910078,	0.016168
0.910079,	-0.016060

0.000000,	0.000000
0.643666,	0.765307
0.904772,	0.016221
0.904774,	-0.016112

0.000000,	0.000000
0.643258,	0.765649
0.899466,	0.016274
0.899468,	-0.016164

0.000000,	0.000000
0.642851,	0.765992
0.894160,	0.016326
0.894161,	-0.016216

0.000000,	0.000000
0.642443,	0.766334
0.888853,	0.016379
0.888855,	-0.016268

0.000000,	0.000000
0.642035,	0.766676
0.883546,	0.016432
0.883548,	-0.016320

0.000000,	0.000000
0.641626,	0.767017
0.878239,	0.016485
0.878241,	-0.016371

0.000000,	0.000000
0.641218,	0.767359
0.872931,	0.016538
0.872933,	-0.016423

0.000000,	0.000000
0.640809,	0.767700
0.867623,	0.016591
0.867625,	-0.016475

0.000000,	0.000000
0.640401,	0.768041
0.862314,	0.016644
0.862316,	-0.016527

0.000000,	0.000000
0.639992,	0.768382
0.857006,	0.016697
0.857007,	-0.016579

0.000000,	0.000000
0.639583,	0.768722
0.851696,	0.016750
0.851698,	-0.016630

0.000000,	0.000000
0.639173,	0.769063
0.846387,	0.016803
0.846389,	-0.016682

0.000000,	0.000000
0.638764,	0.769403
0.841077,	0.016856
0.841079,	-0.016734

0.000000,	0.000000
0.638354,	0.769743
0.835766,	0.016908
0.835768,	-0.016786

0.000000,	0.000000
0.637944,	0.770083
0.830455,	0.016961
0.830457,	-0.016837

0.000000,	0.000000
0.637534,	0.770422
0.825144,	0.017014
0.825146,	-0.016889

0.000000,	0.000000
0.637124,	0.770761
0.819833,	0.017067
0.819835,	-0.016941

0.000000,	0.000000
0.636714,	0.771100
0.814521,	0.017120
0.814523,	-0.016992

0.000000,	0.000000
0.636303,	0.771439
0.809208,	0.017173
0.809210,	-0.017044

0.000000,	0.000000
0.635892,	0.771778
0.803895,	0.017226
0.803897,	-0.017096

0.000000,	0.000000
0.635481,	0.772116
0.798582,	0.017279
0.798584,	-0.017147

0.000000,	0.000000
0.635070,	0.772454
0.793268,	0.017332
0.793270,	-0.017199

0.000000,	0.000000
0.634659,	0.772792
0.787954,	0.017384
0.787956,	-0.017251

0.000000,	0.000000
0.634247,	0.773130
0.782639,	0.017437
0.782641,	-0.017302

0.000000,	0.000000
0.633836,	0.773468
0.777324,	0.017490
0.777326,	-0.017354

0.000000,	0.000000
0.633424,	0.773805
0.772008,	0.017543
0.772011,	-0.017405

0.000000,	0.000000
0.633012,	0.774142
0.766692,	0.017596
0.766695,	-0.017457

0.000000,	0.000000
0.632600,	0.774479
0.761376,	0.017649
0.761378,	-0.017508

0.000000,	0.000000
0.632187,	0.774816
0.756059,	0.017702
0.756061,	-0.017560

0.000000,	0.000000
0.631775,	0.775152
0.750741,	0.017754
0.750744,	-0.017611

0.000000,	0.000000
0.631362,	0.775488
0.745423,	0.017807
0.745426,	-0.017663

0.000000,	0.000000
0.630949,	0.775824
0.740105,	0.017860
0.740107,	-0.017714

0.000000,	0.000000
0.630536,	0.776160
0.734786,	0.017913
0.734788,	-0.017766

0.000000,	0.000000
0.630123,	0.776496
0.729466,	0.017966
0.729469,	-0.017817

0.000000,	0.000000
0.629709,	0.776831
0.724146,	0.018019
0.724148,	-0.017869

0.000000,	0.000000
0.629296,	0.777166
0.718825,	0.018071
0.718828,	-0.017920

0.000000,	0.000000
0.628882,	0.777501
0.713504,	0.018124
0.713507,	-0.017971

0.000000,	0.000000
0.628468,	0.777836
0.708182,	0.018177
0.708185,	-0.018023

0.000000,	0.000000
0.628054,	0.778170
0.702860,	0.018230
0.702863,	-0.018074

0.000000,	0.000000
0.627639,	0.778504
0.697537,	0.018282
0.697540,	-0.018125

0.000000,	0.000000
0.627225,	0.778838
0.692214,	0.018335
0.692217,	-0.018177

0.000000,	0.000000
0.626810,	0.779172
0.686890,	0.018388
0.686893,	-0.018228

0.000000,	0.000000
0.626395,	0.779506
0.681565,	0.018441
0.681568,	-0.018279

0.000000,	0.000000
0.625980,	0.779839
0.676240,	0.018493
0.676243,	-0.018330

0.000000,	0.000000
0.625565,	0.780172
0.670914,	0.018546
0.670917,	-0.018381

0.000000,	0.000000
0.625150,	0.780505
0.665588,	0.018599
0.665591,	-0.018433

0.000000,	0.000000
0.624734,	0.780838
0.660261,	0.018651
0.660263,	-0.018484

0.000000,	0.000000
0.624318,	0.781170
0.654933,	0.018704
0.654936,	-0.018535

0.000000,	0.000000
0.623902,	0.781502
0.649604,	0.018757
0.649607,	-0.018586

0.000000,	0.000000
0.623486,	0.781834
0.644275,	0.018809
0.644278,	-0.018637

0.000000,	0.000000
0.623070,	0.782166
0.638946,	0.018862
0.638949,	-0.018688

0.000000,	0.000000
0.622653,	0.782498
0.633615,	0.018915
0.633618,	-0.018739

0.000000,	0.000000
0.622237,	0.782829
0.628284,	0.018967
0.628287,	-0.018790

0.000000,	0.000000
0.621820,	0.783160
0.622952,	0.019020
0.622955,	-0.018841

0.000000,	0.000000
0.621403,	0.783491
0.617620,	0.019072
0.617623,	-0.018892

0.000000,	0.000000
0.620986,	0.783822
0.612287,	0.019125
0.612290,	-0.018943

0.000000,	0.000000
0.620569,	0.784152
0.606952,	0.019178
0.606956,	-0.018994

0.000000,	0.000000
0.620151,	0.784482
0.601618,	0.019230
0.601621,	-0.019045

0.000000,	0.000000
0.619733,	0.784813
0.596282,	0.019283
0.596285,	-0.019096

0.000000,	0.000000
0.619315,	0.785142
0.590946,	0.019335
0.590949,	-0.019146

0.000000,	0.000000
0.618897,	0.785472
0.585609,	0.019388
0.585612,	-0.019197

0.000000,	0.000000
0.618479,	0.785801
0.580271,	0.019440
0.580274,	-0.019248

0.000000,	0.000000
0.618061,	0.786130
0.574932,	0.019492
0.574935,	-0.019299

0.000000,	0.000000
0.617642,	0.786459
0.569592,	0.019545
0.569596,	-0.019349

0.000000,	0.000000
0.617223,	0.786788
0.564252,	0.019597
0.564255,	-0.019400

0.000000,	0.000000
0.616804,	0.787116
0.558910,	0.019650
0.558914,	-0.019451

0.000000,	0.000000
0.616385,	0.787445
0.553568,	0.019702
0.553572,	-0.019501

0.000000,	0.000000
0.615966,	0.787773
0.548225,	0.019754
0.548228,	-0.019552

0.000000,	0.000000
0.615547,	0.788100
0.542881,	0.019806
0.542884,	-0.019602

0.000000,	0.000000
0.615127,	0.788428
0.537536,	0.019859
0.537539,	-0.019653

0.000000,	0.000000
0.614707,	0.788755
0.532190,	0.019911
0.532193,	-0.019703

0.000000,	0.000000
0.614287,	0.789082
0.526843,	0.019963
0.526846,	-0.019753

0.000000,	0.000000
0.613867,	0.789409
0.521495,	0.020015
0.521498,	-0.019804

0.000000,	0.000000
0.613447,	0.789736
0.516146,	0.020067
0.516149,	-0.019854

0.000000,	0.000000
0.613026,	0.790063
0.510795,	0.020119
0.510799,	-0.019904

0.000000,	0.000000
0.612606,	0.790389
0.505444,	0.020171
0.505448,	-0.019954

0.000000,	0.000000
0.612185,	0.790715
0.500092,	0.020223
0.500096,	-0.020005

0.000000,	0.000000
0.611764,	0.791041
0.494739,	0.020275
0.494742,	-0.020055

0.000000,	0.000000
0.611343,	0.791366
0.489384,	0.020327
0.489388,	-0.020105

0.000000,	0.000000
0.610921,	0.791691
0.484028,	0.020379
0.484032,	-0.020155

0.000000,	0.000000
0.610500,	0.792017
0.478671,	0.020431
0.478675,	-0.020205

0.000000,	0.000000
0.610078,	0.792341
0.473313,	0.020483
0.473317,	-0.020255

0.000000,	0.000000
0.609656,	0.792666
0.467954,	0.020535
0.467958,	-0.020304

0.000000,	0.000000
0.609234,	0.792990
0.462593,	0.020586
0.462597,	-0.020354

0.000000,	0.000000
0.608812,	0.793315
0.457231,	0.020638
0.457235,	-0.020404

0.000000,	0.000000
0.608389,	0.793639
0.451868,	0.020690
0.451872,	-0.020453

0.000000,	0.000000
0.607967,	0.793962
0.446503,	0.020741
0.446507,	-0.020503

0.000000,	0.000000
0.607544,	0.794286
0.441137,	0.020793
0.441141,	-0.020553

0.000000,	0.000000
0.607121,	0.794609
0.435770,	0.020844
0.435774,	-0.020602

0.000000,	0.000000
0.606698,	0.794932
0.430401,	0.020895
0.430405,	-0.020651

0.000000,	0.000000
0.606275,	0.795255
0.425030,	0.020947
0.425034,	-0.020701

0.000000,	0.000000
0.605851,	0.795578
0.419658,	0.020998
0.419662,	-0.020750

0.000000,	0.000000
0.605428,	0.795900
0.414285,	0.021049
0.414289,	-0.020799

0.000000,	0.000000
0.605004,	0.796222
0.408909,	0.021100
0.408914,	-0.020848

0.000000,	0.000000
0.604580,	0.796544
0.403533,	0.021151
0.403537,	-0.020897

0.000000,	0.000000
0.604156,	0.796866
0.398154,	0.021202
0.398158,	-0.020946

0.000000,	0.000000
0.603732,	0.797188
0.392774,	0.021253
0.392778,	-0.020994

0.000000,	0.000000
0.603307,	0.797509
0.387391,	0.021303
0.387396,	-0.021043

0.000000,	0.000000
0.602883,	0.797830
0.382007,	0.021354
0.382012,	-0.021092

0.000000,	0.000000
0.602458,	0.798151
0.376621,	0.021404
0.376626,	-0.021140

0.000000,	0.000000
0.602033,	0.798471
0.371233,	0.021455
0.371238,	-0.021188

0.000000,	0.000000
0.601608,	0.798792
0.365843,	0.021505
0.365848,	-0.021236

0.000000,	0.000000
0.601182,	0.799112
0.360451,	0.021555
0.360456,	-0.021285

0.000000,	0.000000
0.600757,	0.799432
0.355057,	0.021605
0.355062,	-0.021332

0.000000,	0.000000
0.600331,	0.799751
0.349661,	0.021655
0.349665,	-0.021380

0.000000,	0.000000
0.599905,	0.800071
0.344262,	0.021705
0.344267,	-0.021428

0.000000,	0.000000
0.599479,	0.800390
0.338861,	0.021755
0.338866,	-0.021475

0.000000,	0.000000
0.599053,	0.800709
0.333458,	0.021804
0.333462,	-0.021523

0.000000,	0.000000
0.598627,	0.801028
0.328052,	0.021853
0.328056,	-0.021570

0.000000,	0.000000
0.598200,	0.801347
0.322643,	0.021902
0.322648,	-0.021617

0.000000,	0.000000
0.597774,	0.801665
0.317232,	0.021951
0.317236,	-0.021664

0.000000,	0.000000
0.597347,	0.801983
0.311818,	0.022000
0.311822,	-0.021710

0.000000,	0.000000
0.596920,	0.802301
0.306401,	0.022049
0.306406,	-0.021757

0.000000,	0.000000
0.596493,	0.802619
0.300981,	0.022097
0.300986,	-0.021803

0.000000,	0.000000
0.596065,	0.802936
0.295558,	0.022145
0.295563,	-0.021849

0.000000,	0.000000
0.595638,	0.803253
0.290132,	0.022193
0.290137,	-0.021895

0.000000,	0.000000
0.595210,	0.803570
0.284703,	0.022241
0.284707,	-0.021940

0.000000,	0.000000
0.594782,	0.803887
0.279270,	0.022288
0.279275,	-0.021985

0.000000,	0.000000
0.594354,	0.804203
0.273834,	0.022336
0.273838,	-0.022030

0.000000,	0.000000
0.593926,	0.804520
0.268393,	0.022382
0.268398,	-0.022075

0.000000,	0.000000
0.593498,	0.804836
0.262950,	0.022429
0.262954,	-0.022119

0.000000,	0.000000
0.593069,	0.805152
0.257502,	0.022475
0.257506,	-0.022163

0.000000,	0.000000
0.592640,	0.805467
0.252049,	0.022521
0.252054,	-0.022207

0.000000,	0.000000
0.592212,	0.805783
0.246593,	0.022566
0.246598,	-0.022250

0.000000,	0.000000
0.591783,	0.806098
0.241132,	0.022611
0.241137,	-0.022293

0.000000,	0.000000
0.591353,	0.806413
0.235666,	0.022656
0.235671,	-0.022335

0.000000,	0.000000
0.590924,	0.806727
0.230195,	0.022700
0.230200,	-0.022377

0.000000,	0.000000
0.590494,	0.807042
0.224719,	0.022744
0.224724,	-0.022418

0.000000,	0.000000
0.590065,	0.807356
0.219238,	0.022787
0.219242,	-0.022459

0.000000,	0.000000
0.589635,	0.807670
0.213751,	0.022829
0.213755,	-0.022499

0.000000,	0.000000
0.589205,	0.807984
0.208257,	0.022871
0.208262,	-0.022539

0.000000,	0.000000
0.588775,	0.808297
0.202758,	0.022912
0.202762,	-0.022578

0.000000,	0.000000
0.588344,	0.808611
0.197251,	0.022952
0.197256,	-0.022616

0.000000,	0.000000
0.587914,	0.808924
0.191738,	0.022992
0.191743,	-0.022653

0.000000,	0.000000
0.587483,	0.809237
0.186217,	0.023031
0.186222,	-0.022690

0.000000,	0.000000
0.587052,	0.809549
0.180688,	0.023068
0.180693,	-0.022725

0.000000,	0.000000
0.586621,	0.809862
0.175151,	0.023105
0.175156,	-0.022760

0.000000,	0.000000
0.586190,	0.810174
0.169605,	0.023140
0.169610,	-0.022793

0.000000,	0.000000
0.585759,	0.810486
0.164050,	0.023174
0.164054,	-0.022825

0.000000,	0.000000
0.585327,	0.810797
0.158484,	0.023207
0.158488,	-0.022855

0.000000,	0.000000
0.584895,	0.811109
0.152907,	0.023238
0.152912,	-0.022884

0.000000,	0.000000
0.584463,	0.811420
0.147319,	0.023268
0.147323,	-0.022912

0.000000,	0.000000
0.584031,	0.811731
0.141719,	0.023295
0.141723,	-0.022937

0.000000,	0.000000
0.583599,	0.812042
0.136105,	0.023320
0.136109,	-0.022960

0.000000,	0.000000
0.583167,	0.812352
0.130476,	0.023343
0.130480,	-0.022981

0.000000,	0.000000
0.582734,	0.812663
0.124832,	0.023363
0.124835,	-0.022999

0.000000,	0.000000
0.582302,	0.812973
0.119170,	0.023380
0.119174,	-0.023013

0.000000,	0.000000
0.581869,	0.813283
0.113490,	0.023393
0.113494,	-0.023024

0.000000,	0.000000
0.581436,	0.813592
0.107790,	0.023401
0.107793,	-0.023031

0.000000,	0.000000
0.581002,	0.813902
0.102067,	0.023405
0.102069,	-0.023033

0.000000,	0.000000
0.580569,	0.814211
0.096319,	0.023404
0.096321,	-0.023030

0.000000,	0.000000
0.580136,	0.814520
0.090543,	0.023395
0.090545,	-0.023019

0.000000,	0.000000
0.579702,	0.814829
0.084736,	0.023378
0.084737,	-0.023001

0.000000,	0.000000
0.579268,	0.815137
0.078894,	0.023352
0.078894,	-0.022973

0.000000,	0.000000
0.578834,	0.815445
0.073012,	0.023314
0.073012,	-0.022934

0.000000,	0.000000
0.578400,	0.815753
0.067084,	0.023261
0.067083,	-0.022880

0.000000,	0.000000
0.577966,	0.816061
0.061104,	0.023190
0.061102,	-0.022808

0.000000,	0.000000
0.577531,	0.816369
0.055062,	0.023095
0.055058,	-0.022713

0.000000,	0.000000
0.577096,	0.816676
0.048948,	0.022970
0.048941,	-0.022587

0.000000,	0.000000
0.576662,	0.816983
0.042746,	0.022804
0.042736,	-0.022420

0.000000,	0.000000
0.576227,	0.817290
0.036438,	0.022580
0.036424,	-0.022197

0.000000,	0.000000
0.575791,	0.817597
0.030000,	0.022275
0.029980,	-0.021892

0.000000,	0.000000
0.575356,	0.817903
0.023399,	0.021848
0.023370,	-0.021465

0.000000,	0.000000
0.574921,	0.818209
0.016599,	0.021230
0.016555,	-0.020845

0.000000,	0.000000
0.574485,	0.818515
0.009564,	0.020300
0.009497,	-0.019907

0.000000,	0.000000
0.574049,	0.818821
0.002302,	0.018860
0.002203,	-0.018441

0.000000,	0.000000
0.573613,	0.819126
-0.005033,	0.016660
-0.005165,	-0.016181

0.000000,	0.000000
0.573177,	0.819432
-0.012106,	0.013608
-0.012245,	-0.013032

0.000000,	0.000000
0.572741,	0.819737
-0.018644,	0.009930
-0.018755,	-0.009248

0.000000,	0.000000
0.572304,	0.820041
-0.024637,	0.005943
-0.024698,	-0.005166

0.000000,	0.000000
0.571868,	0.820346
-0.030204,	0.001844
-0.030207,	-0.000984

0.000000,	0.000000
0.571431,	0.820650
-0.035462,	-0.002277
-0.035406,	0.003213

0.000000,	0.000000
0.570994,	0.820954
-0.040496,	-0.006386
-0.040382,	0.007390

0.000000,	0.000000
0.570557,	0.821258
-0.045364,	-0.010469
-0.045192,	0.011539

0.000000,	0.000000
0.570120,	0.821562
-0.050105,	-0.014524
-0.049876,	0.015655

0.000000,	0.000000
0.569682,	0.821865
-0.054745,	-0.018550
-0.054462,	0.019741

0.000000,	0.000000
0.569245,	0.822168
-0.059306,	-0.022549
-0.058969,	0.023799

0.000000,	0.000000
0.568807,	0.822471
-0.063802,	-0.026523
-0.063411,	0.027830

0.000000,	0.000000
0.568369,	0.822774
-0.068243,	-0.030475
-0.067799,	0.031838

0.000000,	0.000000
0.567931,	0.823076
-0.072638,	-0.034406
-0.072142,	0.035825

0.000000,	0.000000
0.567493,	0.823379
-0.076993,	-0.038319
-0.076446,	0.039793

0.000000,	0.000000
0.567054,	0.823681
-0.081315,	-0.042215
-0.080717,	0.043743

0.000000,	0.000000
0.566616,	0.823982
-0.085607,	-0.046095
-0.084958,	0.047677

0.000000,	0.000000
0.566177,	0.824284
-0.089873,	-0.049961
-0.089173,	0.051597

0.000000,	0.000000
0.565738,	0.824585
-0.094115,	-0.053814
-0.093366,	0.055503

0.000000,	0.000000
0.565299,	0.824886
-0.098337,	-0.057656
-0.097537,	0.059398

0.000000,	0.000000
0.564860,	0.825187
-0.102540,	-0.061486
-0.101691,	0.063281

0.000000,	0.000000
0.564420,	0.825488
-0.106726,	-0.065307
-0.105828,	0.067153

0.000000,	0.000000
0.563981,	0.825788
-0.110897,	-0.069118
-0.109950,	0.071017

0.000000,	0.000000
0.563541,	0.826088
-0.115054,	-0.072920
-0.114058,	0.074871

0.000000,	0.000000
0.563101,	0.826388
-0.119198,	-0.076714
-0.118153,	0.078717

0.000000,	0.000000
0.562661,	0.826687
-0.123330,	-0.080501
-0.122237,	0.082555

0.000000,	0.000000
0.562221,	0.826987
-0.127452,	-0.084281
-0.126310,	0.086386

0.000000,	0.000000
0.561781,	0.827286
-0.131563,	-0.088054
-0.130373,	0.090211

0.000000,	0.000000
0.561340,	0.827585
-0.135665,	-0.091820
-0.134427,	0.094029

0.000000,	0.000000
0.560900,	0.827884
-0.139759,	-0.095581
-0.138473,	0.097841

0.000000,	0.000000
0.560459,	0.828182
-0.143844,	-0.099337
-0.142510,	0.101647

0.000000,	0.000000
0.560018,	0.828480
-0.147922,	-0.103087
-0.146540,	0.105448

0.000000,	0.000000
0.559577,	0.828778
-0.151993,	-0.106832
-0.150563,	0.109244

0.000000,	0.000000
0.559136,	0.829076
-0.156057,	-0.110572
-0.154579,	0.113035

0.000000,	0.000000
0.558694,	0.829374
-0.160115,	-0.114308
-0.158590,	0.116822

0.000000,	0.000000
0.558253,	0.829671
-0.164167,	-0.118040
-0.162594,	0.120605

0.000000,	0.000000
0.557811,	0.829968
-0.168213,	-0.121768
-0.166593,	0.124383

0.000000,	0.000000
0.557369,	0.830265
-0.172254,	-0.125492
-0.170587,	0.128158

0.000000,	0.000000
0.556927,	0.830562
-0.176290,	-0.129213
-0.174576,	0.131928

0.000000,	0.000000
0.556485,	0.830858
-0.180322,	-0.132929
-0.178560,	0.135696

0.000000,	0.000000
0.556042,	0.831154
-0.184349,	-0.136643
-0.182539,	0.139460

0.000000,	0.000000
0.555600,	0.831450
-0.188371,	-0.140353
-0.186515,	0.143220

0.000000,	0.000000
0.555157,	0.831746
-0.192390,	-0.144061
-0.190486,	0.146978

0.000000,	0.000000
0.554714,	0.832041
-0.196404,	-0.147765
-0.194454,	0.150732

0.000000,	0.000000
0.554271,	0.832336
-0.200415,	-0.151467
-0.198418,	0.154484

0.000000,	0.000000
0.553828,	0.832631
-0.204423,	-0.155166
-0.202378,	0.158233

0.000000,	0.000000
0.553385,	0.832926
-0.208426,	-0.158862
-0.206335,	0.161980

0.000000,	0.000000
0.552941,	0.833220
-0.212427,	-0.162556
-0.210289,	0.165724

0.000000,	0.000000
0.552498,	0.833514
-0.216425,	-0.166248
-0.214240,	0.169465

0.000000,	0.000000
0.552054,	0.833808
-0.220419,	-0.169937
-0.218188,	0.173204

0.000000,	0.000000
0.551610,	0.834102
-0.224411,	-0.173624
-0.222133,	0.176941

0.000000,	0.000000
0.551166,	0.834396
-0.228400,	-0.177309
-0.226075,	0.180676

0.000000,	0.000000
0.550722,	0.834689
-0.232386,	-0.180992
-0.230014,	0.184409

0.000000,	0.000000
0.550277,	0.834982
-0.236370,	-0.184673
-0.233952,	0.188139

0.000000,	0.000000
0.549833,	0.835275
-0.240351,	-0.188351
-0.237886,	0.191868

0.000000,	0.000000
0.549388,	0.835567
-0.244330,	-0.192029
-0.241819,	0.195595

0.000000,	0.000000
0.548943,	0.835860
-0.248307,	-0.195704
-0.245749,	0.199320

0.000000,	0.000000
0.548498,	0.836152
-0.252281,	-0.199377
-0.249677,	0.203043

0.000000,	0.000000
0.548053,	0.836444
-0.256254,	-0.203049
-0.253602,	0.206765

0.000000,	0.000000
0.547607,	0.836735
-0.260224,	-0.206719
-0.257526,	0.210484

0.000000,	0.000000
0.547162,	0.837027
-0.264192,	-0.210388
-0.261448,	0.214203

0.000000,	0.000000
0.546716,	0.837318
-0.268158,	-0.214055
-0.265368,	0.217919

0.000000,	0.000000
0.546270,	0.837609
-0.272123,	-0.217721
-0.269286,	0.221635

0.000000,	0.000000
0.545824,	0.837900
-0.276086,	-0.221385
-0.273202,	0.225348

0.000000,	0.000000
0.545378,	0.838190
-0.280047,	-0.225048
-0.277117,	0.229061

0.000000,	0.000000
0.544932,	0.838480
-0.284006,	-0.228709
-0.281029,	0.232772

0.000000,	0.000000
0.544486,	0.838770
-0.287963,	-0.232369
-0.284941,	0.236481

0.000000,	0.000000
0.544039,	0.839060
-0.291919,	-0.236028
-0.288850,	0.240190

0.000000,	0.000000
0.543592,	0.839349
-0.295874,	-0.239685
-0.292758,	0.243897

0.000000,	0.000000
0.543145,	0.839639
-0.299827,	-0.243342
-0.296665,	0.247602

0.000000,	0.000000
0.542698,	0.839928
-0.303778,	-0.246997
-0.300570,	0.251307

0.000000,	0.000000
0.542251,	0.840217
-0.307728,	-0.250651
-0.304474,	0.255010

0.000000,	0.000000
0.541804,	0.840505
-0.311677,	-0.254304
-0.308377,	0.258713

0.000000,	0.000000
0.541356,	0.840793
-0.315624,	-0.257955
-0.312278,	0.262414

0.000000,	0.000000
0.540909,	0.841081
-0.319570,	-0.261606
-0.316177,	0.266114

0.000000,	0.000000
0.540461,	0.841369
-0.323515,	-0.265256
-0.320076,	0.269813

0.000000,	0.000000
0.540013,	0.841657
-0.327458,	-0.268904
-0.323973,	0.273511

0.000000,	0.000000
0.539565,	0.841944
-0.331401,	-0.272552
-0.327869,	0.277208

0.000000,	0.000000
0.539116,	0.842231
-0.335342,	-0.276198
-0.331764,	0.280904

0.000000,	0.000000
0.538668,	0.842518
-0.339282,	-0.279844
-0.335658,	0.284599

0.000000,	0.000000
0.538219,	0.842805
-0.343220,	-0.283489
-0.339551,	0.288293

0.000000,	0.000000
0.537771,	0.843091
-0.347158,	-0.287133
-0.343442,	0.291986

0.000000,	0.000000
0.537322,	0.843377
-0.351095,	-0.290776
-0.347333,	0.295679

0.000000,	0.000000
0.536873,	0.843663
-0.355030,	-0.294418
-0.351223,	0.299370

0.000000,	0.000000
0.536423,	0.843949
-0.358965,	-0.298059
-0.355111,	0.303061

0.000000,	0.000000
0.535974,	0.844234
-0.362899,	-0.301700
-0.358999,	0.306750

0.000000,	0.000000
0.535525,	0.844520
-0.366831,	-0.305339
-0.362885,	0.310439

0.000000,	0.000000
0.535075,	0.844805
-0.370763,	-0.308978
-0.366771,	0.314127

0.000000,	0.000000
0.534625,	0.845089
-0.374694,	-0.312616
-0.370656,	0.317815

0.000000,	0.000000
0.534175,	0.845374
-0.378624,	-0.316253
-0.374539,	0.321501

0.000000,	0.000000
0.533725,	0.845658
-0.382553,	-0.319890
-0.378422,	0.325187

0.000000,	0.000000
0.533275,	0.845942
-0.386481,	-0.323526
-0.382305,	0.328872

0.000000,	0.000000
0.532824,	0.846226
-0.390408,	-0.327161
-0.386186,	0.332557

0.000000,	0.000000
0.532374,	0.846509
-0.394334,	-0.330796
-0.390066,	0.336240

0.000000,	0.000000
0.531923,	0.846793
-0.398260,	-0.334429
-0.393946,	0.339923

0.000000,	0.000000
0.531472,	0.847076
-0.402185,	-0.338062
-0.397825,	0.343606

0.000000,	0.000000
0.531021,	0.847358
-0.406109,	-0.341695
-0.401703,	0.347287

0.000000,	0.000000
0.530570,	0.847641
-0.410032,	-0.345327
-0.405580,	0.350968

0.000000,	0.000000
0.530119,	0.847923
-0.413955,	-0.348958
-0.409457,	0.354649

0.000000,	0.000000
0.529667,	0.848205
-0.417877,	-0.352588
-0.413333,	0.358328

0.000000,	0.000000
0.529216,	0.848487
-0.421798,	-0.356218
-0.417208,	0.362008

0.000000,	0.000000
0.528764,	0.848769
-0.425718,	-0.359848
-0.421082,	0.365686

0.000000,	0.000000
0.528312,	0.849050
-0.429638,	-0.363477
-0.424956,	0.369364

0.000000,	0.000000
0.527860,	0.849331
-0.433557,	-0.367105
-0.428829,	0.373041

0.000000,	0.000000
0.527408,	0.849612
-0.437475,	-0.370732
-0.432702,	0.376718

0.000000,	0.000000
0.526956,	0.849893
-0.441393,	-0.374359
-0.436573,	0.380394

0.000000,	0.000000
0.526503,	0.850173
-0.445310,	-0.377986
-0.440444,	0.384070

0.000000,	0.000000
0.526050,	0.850453
-0.449226,	-0.381612
-0.444315,	0.387745

0.000000,	0.000000
0.525598,	0.850733
-0.453142,	-0.385237
-0.448185,	0.391420

0.000000,	0.000000
0.525145,	0.851013
-0.457057,	-0.388862
-0.452054,	0.395094

0.000000,	0.000000
0.524692,	0.851292
-0.460972,	-0.392487
-0.455923,	0.398768

0.000000,	0.000000
0.524238,	0.851572
-0.464886,	-0.396111
-0.459791,	0.402441

0.000000,	0.000000
0.523785,	0.851851
-0.468799,	-0.399734
-0.463659,	0.406113

0.000000,	0.000000
0.523331,	0.852129
-0.472712,	-0.403357
-0.467526,	0.409785

0.000000,	0.000000
0.522878,	0.852408
-0.476625,	-0.406980
-0.471392,	0.413457

0.000000,	0.000000
0.522424,	0.852686
-0.480536,	-0.410602
-0.475258,	0.417128

0.000000,	0.000000
0.521970,	0.852964
-0.484448,	-0.414224
-0.479124,	0.420799

0.000000,	0.000000
0.521516,	0.853242
-0.488358,	-0.417845
-0.482989,	0.424469

0.000000,	0.000000
0.521061,	0.853519
-0.492269,	-0.421465
-0.486853,	0.428139

0.000000,	0.000000
0.520607,	0.853796
-0.496178,	-0.425086
-0.490717,	0.431808

0.000000,	0.000000
0.520152,	0.854074
-0.500088,	-0.428706
-0.494580,	0.435477

0.000000,	0.000000
0.519698,	0.854350
-0.503996,	-0.432325
-0.498443,	0.439146

0.000000,	0.000000
0.519243,	0.854627
-0.507905,	-0.435944
-0.502306,	0.442814

0.000000,	0.000000
0.518788,	0.854903
-0.511812,	-0.439563
-0.506167,	0.446481

0.000000,	0.000000
0.518333,	0.855179
-0.515720,	-0.443181
-0.510029,	0.450149

0.000000,	0.000000
0.517877,	0.855455
-0.519626,	-0.446799
-0.513890,	0.453815

0.000000,	0.000000
0.517422,	0.855731
-0.523533,	-0.450416
-0.517751,	0.457482

0.000000,	0.000000
0.516966,	0.856006
-0.527439,	-0.454033
-0.521611,	0.461148

0.000000,	0.000000
0.516510,	0.856281
-0.531344,	-0.457650
-0.525470,	0.464814

0.000000,	0.000000
0.516054,	0.856556
-0.535249,	-0.461266
-0.529330,	0.468479

0.000000,	0.000000
0.515598,	0.856830
-0.539154,	-0.464882
-0.533188,	0.472144

0.000000,	0.000000
0.515142,	0.857105
-0.543058,	-0.468497
-0.537047,	0.475809

0.000000,	0.000000
0.514686,	0.857379
-0.546962,	-0.472113
-0.540905,	0.479473

0.000000,	0.000000
0.514229,	0.857653
-0.550865,	-0.475727
-0.544763,	0.483137

0.000000,	0.000000
0.513773,	0.857926
-0.554768,	-0.479342
-0.548620,	0.486800

0.000000,	0.000000
0.513316,	0.858200
-0.558671,	-0.482956
-0.552477,	0.490463

0.000000,	0.000000
0.512859,	0.858473
-0.562573,	-0.486570
-0.556333,	0.494126

0.000000,	0.000000
0.512402,	0.858746
-0.566475,	-0.490183
-0.560189,	0.497789

0.000000,	0.000000
0.511945,	0.859018
-0.570376,	-0.493796
-0.564045,	0.501451

0.000000,	0.000000
0.511487,	0.859291
-0.574277,	-0.497409
-0.567900,	0.505113

0.000000,	0.000000
0.511030,	0.859563
-0.578178,	-0.501022
-0.571755,	0.508774

0.000000,	0.000000
0.510572,	0.859835
-0.582078,	-0.504634
-0.575610,	0.512435

0.000000,	0.000000
0.510114,	0.860107
-0.585978,	-0.508246
-0.579464,	0.516096

0.000000,	0.000000
0.509656,	0.860378
-0.589878,	-0.511857
-0.583318,	0.519757

0.000000,	0.000000
0.509198,	0.860649
-0.593777,	-0.515469
-0.587171,	0.523417

0.000000,	0.000000
0.508740,	0.860920
-0.597676,	-0.519080
-0.591024,	0.527077

0.000000,	0.000000
0.508282,	0.861191
-0.601575,	-0.522690
-0.594877,	0.530737

0.000000,	0.000000
0.507823,	0.861461
-0.605473,	-0.526301
-0.598730,	0.534396

0.000000,	0.000000
0.507365,	0.861731
-0.609371,	-0.529911
-0.602582,	0.538055

0.000000,	0.000000
0.506906,	0.862001
-0.613269,	-0.533521
-0.606434,	0.541714

0.000000,	0.000000
0.506447,	0.862271
-0.617166,	-0.537130
-0.610285,	0.545372

0.000000,	0.000000
0.505988,	0.862541
-0.621063,	-0.540739
-0.614137,	0.549031

0.000000,	0.000000
0.505529,	0.862810
-0.624959,	-0.544348
-0.617987,	0.552689

0.000000,	0.000000
0.505069,	0.863079
-0.628856,	-0.547957
-0.621838,	0.556346

0.000000,	0.000000
0.504610,	0.863348
-0.632752,	-0.551566
-0.625688,	0.560004

0.000000,	0.000000
0.504150,	0.863616
-0.636648,	-0.555174
-0.629538,	0.563661

0.000000,	0.000000
0.503690,	0.863884
-0.640543,	-0.558782
-0.633388,	0.567318

0.000000,	0.000000
0.503230,	0.864152
-0.644438,	-0.562389
-0.637238,	0.570975

0.000000,	0.000000
0.502770,	0.864420
-0.648333,	-0.565997
-0.641087,	0.574631

0.000000,	0.000000
0.502310,	0.864688
-0.652228,	-0.569604
-0.644936,	0.578287

0.000000,	0.000000
0.501849,	0.864955
-0.656122,	-0.573211
-0.648784,	0.581943

0.000000,	0.000000
0.501389,	0.865222
-0.660016,	-0.576818
-0.652632,	0.585599

0.000000,	0.000000
0.500928,	0.865489
-0.663910,	-0.580424
-0.656480,	0.589254

0.000000,	0.000000
0.500467,	0.865755
-0.667803,	-0.584030
-0.660328,	0.592909

0.000000,	0.000000
0.500007,	0.866022
-0.671696,	-0.587636
-0.664176,	0.596564

0.000000,	0.000000
0.499545,	0.866288
-0.675589,	-0.591242
-0.668023,	0.600219

0.000000,	0.000000
0.499084,	0.866553
-0.679482,	-0.594847
-0.671870,	0.603873

0.000000,	0.000000
0.498623,	0.866819
-0.683374,	-0.598453
-0.675717,	0.607527

0.000000,	0.000000
0.498161,	0.867084
-0.687266,	-0.602058
-0.679563,	0.611181

0.000000,	0.000000
0.497700,	0.867349
-0.691158,	-0.605663
-0.683409,	0.614835

0.000000,	0.000000
0.497238,	0.867614
-0.695050,	-0.609267
-0.687255,	0.618489

0.000000,	0.000000
0.496776,	0.867879
-0.698941,	-0.612872
-0.691101,	0.622142

0.000000,	0.000000
0.496314,	0.868143
-0.702833,	-0.616476
-0.694946,	0.625795

0.000000,	0.000000
0.495852,	0.868407
-0.706723,	-0.620080
-0.698791,	0.629448

0.000000,	0.000000
0.495389,	0.868671
-0.710614,	-0.623683
-0.702636,	0.633101

0.000000,	0.000000
0.494927,	0.868935
-0.714505,	-0.627287
-0.706481,	0.636753

0.000000,	0.000000
0.494464,	0.869198
-0.718395,	-0.630890
-0.710326,	0.640406

0.000000,	0.000000
0.494001,	0.869461
-0.722285,	-0.634493
-0.714170,	0.644058

0.000000,	0.000000
0.493538,	0.869724
-0.726174,	-0.638096
-0.718014,	0.647709

0.000000,	0.000000
0.493075,	0.869987
-0.730064,	-0.641699
-0.721858,	0.651361

0.000000,	0.000000
0.492612,	0.870249
-0.733953,	-0.645302
-0.725701,	0.655013

0.000000,	0.000000
0.492149,	0.870511
-0.737842,	-0.648904
-0.729545,	0.658664

0.000000,	0.000000
0.491685,	0.870773
-0.741731,	-0.652506
-0.733388,	0.662315

0.000000,	0.000000
0.491222,	0.871035
-0.745620,	-0.656108
-0.737231,	0.665966

0.000000,	0.000000
0.490758,	0.871296
-0.749508,	-0.659710
-0.741074,	0.669617

0.000000,	0.000000
0.490294,	0.871557
-0.753396,	-0.663311
-0.744916,	0.673267

0.000000,	0.000000
0.489830,	0.871818
-0.757284,	-0.666913
-0.748759,	0.676917

0.000000,	0.000000
0.489366,	0.872079
-0.761172,	-0.670514
-0.752601,	0.680567

0.000000,	0.000000
0.488902,	0.872339
-0.765060,	-0.674115
-0.756443,	0.684217

0.000000,	0.000000
0.488437,	0.872599
-0.768947,	-0.677716
-0.760284,	0.687867

0.000000,	0.000000
0.487973,	0.872859
-0.772834,	-0.681317
-0.764126,	0.691517

0.000000,	0.000000
0.487508,	0.873119
-0.776721,	-0.684917
-0.767967,	0.695166

0.000000,	0.000000
0.487043,	0.873378
-0.780608,	-0.688518
-0.771808,	0.698815

0.000000,	0.000000
0.486578,	0.873637
-0.784495,	-0.692118
-0.775649,	0.702465

0.000000,	0.000000
0.486113,	0.873896
-0.788381,	-0.695718
-0.779490,	0.706113

0.000000,	0.000000
0.485648,	0.874155
-0.792267,	-0.699318
-0.783330,	0.709762

0.000000,	0.000000
0.485182,	0.874413
-0.796153,	-0.702917
-0.787171,	0.713411

0.000000,	0.000000
0.484717,	0.874671
-0.800039,	-0.706517
-0.791011,	0.717059

0.000000,	0.000000
0.484251,	0.874929
-0.803925,	-0.710116
-0.794851,	0.720707

0.000000,	0.000000
0.483785,	0.875187
-0.807810,	-0.713715
-0.798691,	0.724355

0.000000,	0.000000
0.483319,	0.875444
-0.811696,	-0.717314
-0.802530,	0.728003

0.000000,	0.000000
0.482853,	0.875701
-0.815581,	-0.720913
-0.806370,	0.731651

0.000000,	0.000000
0.482387,	0.875958
-0.819466,	-0.724512
-0.810209,	0.735299

0.000000,	0.000000
0.481920,	0.876215
-0.823350,	-0.728110
-0.814048,	0.738946

0.000000,	0.000000
0.481454,	0.876471
-0.827235,	-0.731709
-0.817887,	0.742593

0.000000,	0.000000
0.480987,	0.876728
-0.831119,	-0.735307
-0.821726,	0.746240

0.000000,	0.000000
0.480520,	0.876984
-0.835004,	-0.738905
-0.825564,	0.749887

0.000000,	0.000000
0.480054,	0.877239
-0.838888,	-0.742503
-0.829403,	0.753534

0.000000,	0.000000
0.479586,	0.877495
-0.842772,	-0.746101
-0.833241,	0.757181

0.000000,	0.000000
0.479119,	0.877750
-0.846655,	-0.749698
-0.837079,	0.760827

0.000000,	0.000000
0.478652,	0.878005
-0.850539,	-0.753296
-0.840917,	0.764474

0.000000,	0.000000
0.478184,	0.878259
-0.854422,	-0.756893
-0.844754,	0.768120

0.000000,	0.000000
0.477717,	0.878514
-0.858305,	-0.760490
-0.848592,	0.771766

0.000000,	0.000000
0.477249,	0.878768
-0.862189,	-0.764087
-0.852429,	0.775412

0.000000,	0.000000
0.476781,	0.879022
-0.866071,	-0.767684
-0.856267,	0.779058

0.000000,	0.000000
0.476313,	0.879276
-0.869954,	-0.771281
-0.860104,	0.782703

0.000000,	0.000000
0.475845,	0.879529
-0.873837,	-0.774878
-0.863941,	0.786349

0.000000,	0.000000
0.475377,	0.879782
-0.877719,	-0.778474
-0.867778,	0.789994

0.000000,	0.000000
0.474908,	0.880035
-0.881602,	-0.782070
-0.871614,	0.793639

0.000000,	0.000000
0.474440,	0.880288
-0.885484,	-0.785667
-0.875451,	0.797285

0.000000,	0.000000
0.473971,	0.880540
-0.889366,	-0.789263
-0.879287,	0.800929

0.000000,	0.000000
0.473502,	0.880793
-0.893248,	-0.792859
-0.883123,	0.804574

0.000000,	0.000000
0.473033,	0.881044
-0.897129,	-0.796455
-0.886959,	0.808219

0.000000,	0.000000
0.472564,	0.881296
-0.901011,	-0.800050
-0.890795,	0.811864

0.000000,	0.000000
0.472095,	0.881548
-0.904892,	-0.803646
-0.894631,	0.815508

0.000000,	0.000000
0.471626,	0.881799
-0.908773,	-0.807241
-0.898466,	0.819152

0.000000,	0.000000
0.471156,	0.882050
-0.912655,	-0.810837
-0.902302,	0.822796

0.000000,	0.000000
0.470687,	0.882300
-0.916536,	-0.814432
-0.906137,	0.826441

0.000000,	0.000000
0.470217,	0.882551
-0.920416,	-0.818027
-0.909972,	0.830084

0.000000,	0.000000
0.469747,	0.882801
-0.924297,	-0.821622
-0.913807,	0.833728

0.000000,	0.000000
0.469277,	0.883051
-0.928178,	-0.825217
-0.917642,	0.837372

0.000000,	0.000000
0.468807,	0.883301
-0.932058,	-0.828811
-0.921477,	0.841015

0.000000,	0.000000
0.468337,	0.883550
-0.935938,	-0.832406
-0.925312,	0.844659

0.000000,	0.000000
0.467866,	0.883799
-0.939819,	-0.836000
-0.929146,	0.848302

0.000000,	0.000000
0.467396,	0.884048
-0.943699,	-0.839595
-0.932981,	0.851945

0.000000,	0.000000
0.466925,	0.884297
-0.947579,	-0.843189
-0.936815,	0.855589

0.000000,	0.000000
0.466454,	0.884545
-0.951458,	-0.846783
-0.940649,	0.859231

0.000000,	0.000000
0.465983,	0.884794
-0.955338,	-0.850377
-0.944483,	0.862874

0.000000,	0.000000
0.465512,	0.885042
-0.959217,	-0.853971
-0.948317,	0.866517

0.000000,	0.000000
0.465041,	0.885289
-0.963097,	-0.857565
-0.952151,	0.870160

0.000000,	0.000000
0.464570,	0.885537
-0.966976,	-0.861158
-0.955984,	0.873802

0.000000,	0.000000
0.464098,	0.885784
-0.970855,	-0.864752
-0.959818,	0.877445

0.000000,	0.000000
0.463626,	0.886031
-0.974734,	-0.868345
-0.963651,	0.881087

0.000000,	0.000000
0.463155,	0.886277
-0.978613,	-0.871938
-0.967484,	0.884729

0.000000,	0.000000
0.462683,	0.886524
-0.982492,	-0.875532
-0.971317,	0.888371

0.000000,	0.000000
0.462211,	0.886770
-0.986370,	-0.879125
-0.975150,	0.892013

0.000000,	0.000000
0.461739,	0.887016
-0.990249,	-0.882718
-0.978983,	0.895655

0.000000,	0.000000
0.461267,	0.887262
-0.994127,	-0.886311
-0.982816,	0.899296

0.000000,	0.000000
0.460794,	0.887507
-0.998006,	-0.889903
-0.986648,	0.902938

0.000000,	0.000000
0.460322,	0.887752
-1.001884,	-0.893496
-0.990481,	0.906580

0.000000,	0.000000
0.459849,	0.887997
-1.005762,	-0.897089
-0.994313,	0.910221

0.000000,	0.000000
0.459376,	0.888242
-1.009640,	-0.900681
-0.998146,	0.913862

0.000000,	0.000000
0.458903,	0.888486
-1.013518,	-0.904274
-1.001978,	0.917504

0.000000,	0.000000
0.458430,	0.888730
-1.017395,	-0.907866
-1.005810,	0.921145

0.000000,	0.000000
0.457957,	0.888974
-1.021273,	-0.911458
-1.009642,	0.924786

0.000000,	0.000000
0.457484,	0.889218
-1.025150,	-0.915050
-1.013474,	0.928427

0.000000,	0.000000
0.457010,	0.889461
-1.029028,	-0.918642
-1.017305,	0.932067

0.000000,	0.000000
0.456537,	0.889705
-1.032905,	-0.922234
-1.021137,	0.935708

0.000000,	0.000000
0.456063,	0.889947
-1.036782,	-0.925826
-1.024968,	0.939349

0.000000,	0.000000
0.455589,	0.890190
-1.040659,	-0.929417
-1.028800,	0.942989

0.000000,	0.000000
0.455115,	0.890433
-1.044536,	-0.933009
-1.032631,	0.946629

0.000000,	0.000000
0.454641,	0.890675
-1.048413,	-0.936600
-1.036462,	0.950270

0.000000,	0.000000
0.454167,	0.890917
-1.052290,	-0.940192
-1.040293,	0.953910

0.000000,	0.000000
0.453693,	0.891158
-1.056166,	-0.943783
-1.044124,	0.957550

0.000000,	0.000000
0.453218,	0.891400
-1.060043,	-0.947374
-1.047955,	0.961190

0.000000,	0.000000
0.452744,	0.891641
-1.063919,	-0.950965
-1.051786,	0.964830

0.000000,	0.000000
0.452269,	0.891882
-1.067795,	-0.954556
-1.055616,	0.968470

0.000000,	0.000000
0.451794,	0.892122
-1.071672,	-0.958147
-1.059447,	0.972110

0.000000,	0.000000
0.451319,	0.892363
-1.075548,	-0.961738
-1.063277,	0.975749

0.000000,	0.000000
0.450844,	0.892603
-1.079424,	-0.965329
-1.067108,	0.979389

0.000000,	0.000000
0.450369,	0.892843
-1.083300,	-0.968919
-1.070938,	0.983028

0.000000,	0.000000
0.449893,	0.893082
-1.087175,	-0.972510
-1.074768,	0.986668

0.000000,	0.000000
0.449418,	0.893322
-1.091051,	-0.976100
-1.078598,	0.990307

0.000000,	0.000000
0.448942,	0.893561
-1.094927,	-0.979691
-1.082428,	0.993946

0.000000,	0.000000
0.448467,	0.893800
-1.098802,	-0.983281
-1.086258,	0.997585

0.000000,	0.000000
0.447991,	0.894038
-1.102677,	-0.986871
-1.090088,	1.001224

0.000000,	0.000000
0.447515,	0.894277
-1.106553,	-0.990461
-1.093917,	1.004863

0.000000,	0.000000
0.447039,	0.894515
-1.110428,	-0.994051
-1.097747,	1.008502

0.000000,	0.000000
0.446562,	0.894753
-1.114303,	-0.997641
-1.101576,	1.012141

0.000000,	0.000000
0.446086,	0.894990
-1.118178,	-1.001231
-1.105406,	1.015779

0.000000,	0.000000
0.445609,	0.895227
-1.122053,	-1.004821
-1.109235,	1.019418

0.000000,	0.000000
0.445133,	0.895465
-1.125928,	-1.008411
-1.113064,	1.023057

0.000000,	0.000000
0.444656,	0.895701
-1.129803,	-1.012000
-1.116893,	1.026695

0.000000,	0.000000
0.444179,	0.895938
-1.133677,	-1.015590
-1.120722,	1.030333

0.000000,	0.000000
0.443702,	0.896174
-1.137552,	-1.019179
-1.124551,	1.033972

0.000000,	0.000000
0.443225,	0.896410
-1.141426,	-1.022769
-1.128380,	1.037610

0.000000,	0.000000
0.442748,	0.896646
-1.145301,	-1.026358
-1.132209,	1.041248

0.000000,	0.000000
0.442270,	0.896882
-1.149175,	-1.029947
-1.136037,	1.044886

0.000000,	0.000000
0.441793,	0.897117
-1.153049,	-1.033536
-1.139866,	1.048524

0.000000,	0.000000
0.441315,	0.897352
-1.156923,	-1.037125
-1.143694,	1.052162

0.000000,	0.000000
0.440837,	0.897587
-1.160797,	-1.040714
-1.147523,	1.055799

0.000000,	0.000000
0.440360,	0.897821
-1.164671,	-1.044303
-1.151351,	1.059437

0.000000,	0.000000
0.439882,	0.898056
-1.168545,	-1.047892
-1.155179,	1.063075

0.000000,	0.000000
0.439403,	0.898290
-1.172419,	-1.051481
-1.159007,	1.066712

0.000000,	0.000000
0.438925,	0.898524
-1.176293,	-1.055069
-1.162835,	1.070350

0.000000,	0.000000
0.438447,	0.898757
-1.180166,	-1.058658
-1.166663,	1.073987

0.000000,	0.000000
0.437968,	0.898990
-1.184040,	-1.062247
-1.170491,	1.077625

0.000000,	0.000000
0.437490,	0.899223
-1.187913,	-1.065835
-1.174319,	1.081262

0.000000,	0.000000
0.437011,	0.899456
-1.191787,	-1.069423
-1.178147,	1.084899

0.000000,	0.000000
0.436532,	0.899689
-1.195660,	-1.073012
-1.181974,	1.088536

0.000000,	0.000000
0.436053,	0.899921
-1.199533,	-1.076600
-1.185802,	1.092173

0.000000,	0.000000
0.435574,	0.900153
-1.203406,	-1.080188
-1.189629,	1.095810

0.000000,	0.000000
0.435095,	0.900385
-1.207279,	-1.083776
-1.193457,	1.099447

0.000000,	0.000000
0.434615,	0.900616
-1.211152,	-1.087364
-1.197284,	1.103084

0.000000,	0.000000
0.434136,	0.900847
-1.215025,	-1.090952
-1.201111,	1.106720

0.000000,	0.000000
0.433656,	0.901078
-1.218898,	-1.094540
-1.204938,	1.110357

0.000000,	0.000000
0.433176,	0.901309
-1.222770,	-1.098128
-1.208766,	1.113994

0.000000,	0.000000
0.432697,	0.901540
-1.226643,	-1.101715
-1.212592,	1.117630

0.000000,	0.000000
0.432217,	0.901770
-1.230516,	-1.105303
-1.216419,	1.121267

0.000000,	0.000000
0.431736,	0.902000
-1.234388,	-1.108891
-1.220246,	1.124903

0.000000,	0.000000
0.431256,	0.902229
-1.238261,	-1.112478
-1.224073,	1.128539

0.000000,	0.000000
0.430776,	0.902459
-1.242133,	-1.116066
-1.227900,	1.132176

0.000000,	0.000000
0.430295,	0.902688
-1.246005,	-1.119653
-1.231726,	1.135812

0.000000,	0.000000
0.429815,	0.902917
-1.249877,	-1.123240
-1.235553,	1.139448

0.000000,	0.000000
0.429334,	0.903146
-1.253749,	-1.126828
-1.239379,	1.143084

0.000000,	0.000000
0.428853,	0.903374
-1.257621,	-1.130415
-1.243206,	1.146720

0.000000,	0.000000
0.428372,	0.903602
-1.261493,	-1.134002
-1.247032,	1.150356

0.000000,	0.000000
0.427891,	0.903830
-1.265365,	-1.137589
-1.250858,	1.153992

0.000000,	0.000000
0.427410,	0.904058
-1.269237,	-1.141176
-1.254684,	1.157627

0.000000,	0.000000
0.426929,	0.904285
-1.273109,	-1.144763
-1.258510,	1.161263

0.000000,	0.000000
0.426447,	0.904512
-1.276981,	-1.148350
-1.262336,	1.164899

0.000000,	0.000000
0.425966,	0.904739
-1.280852,	-1.151937
-1.266162,	1.168534

0.000000,	0.000000
0.425484,	0.904966
-1.284724,	-1.155523
-1.269988,	1.172170

0.000000,	0.000000
0.425002,	0.905192
-1.288595,	-1.159110
-1.273814,	1.175805

0.000000,	0.000000
0.424520,	0.905418
-1.292467,	-1.162697
-1.277640,	1.179441

0.000000,	0.000000
0.424038,	0.905644
-1.296338,	-1.166283
-1.281466,	1.183076

0.000000,	0.000000
0.423556,	0.905870
-1.300209,	-1.169870
-1.285291,	1.186711

0.000000,	0.000000
0.423074,	0.906095
-1.304080,	-1.173456
-1.289117,	1.190346

0.000000,	0.000000
0.422591,	0.906320
-1.307951,	-1.177042
-1.292942,	1.193981

0.000000,	0.000000
0.422109,	0.906545
-1.311822,	-1.180629
-1.296768,	1.197617

0.000000,	0.000000
0.421626,	0.906770
-1.315693,	-1.184215
-1.300593,	1.201252

0.000000,	0.000000
0.421143,	0.906994
-1.319564,	-1.187801
-1.304418,	1.204887

0.000000,	0.000000
0.420660,	0.907218
-1.323435,	-1.191387
-1.308243,	1.208521

0.000000,	0.000000
0.420177,	0.907442
-1.327306,	-1.194973
-1.312068,	1.212156

0.000000,	0.000000
0.419694,	0.907666
-1.331177,	-1.198559
-1.315894,	1.215791

0.000000,	0.000000
0.419211,	0.907889
-1.335047,	-1.202145
-1.319719,	1.219426

0.000000,	0.000000
0.418728,	0.908112
-1.338918,	-1.205731
-1.323543,	1.223060

0.000000,	0.000000
0.418244,	0.908335
-1.342788,	-1.209317
-1.327368,	1.226695

0.000000,	0.000000
0.417761,	0.908557
-1.346659,	-1.212903
-1.331193,	1.230329

0.000000,	0.000000
0.417277,	0.908779
-1.350529,	-1.216488
-1.335018,	1.233964

0.000000,	0.000000
0.416793,	0.909001
-1.354400,	-1.220074
-1.338843,	1.237598

0.000000,	0.000000
0.416309,	0.909223
-1.358270,	-1.223660
-1.342667,	1.241233

0.000000,	0.000000
0.415825,	0.909445
-1.362140,	-1.227245
-1.346492,	1.244867

0.000000,	0.000000
0.415341,	0.909666
-1.366010,	-1.230831
-1.350316,	1.248501

0.000000,	0.000000
0.414857,	0.909887
-1.369880,	-1.234416
-1.354141,	1.252135

0.000000,	0.000000
0.414372,	0.910108
-1.373750,	-1.238001
-1.357965,	1.255770

0.000000,	0.000000
0.413888,	0.910328
-1.377620,	-1.241587
-1.361789,	1.259404

0.000000,	0.000000
0.413403,	0.910548
-1.381490,	-1.245172
-1.365614,	1.263038

0.000000,	0.000000
0.412918,	0.910768
-1.385360,	-1.248757
-1.369438,	1.266672

0.000000,	0.000000
0.412433,	0.910988
-1.389230,	-1.252342
-1.373262,	1.270306

0.000000,	0.000000
0.411948,	0.911207
-1.393100,	-1.255927
-1.377086,	1.273939

0.000000,	0.000000
0.411463,	0.911426
-1.396969,	-1.259512
-1.380910,	1.277573

0.000000,	0.000000
0.410978,	0.911645
-1.400839,	-1.263097
-1.384734,	1.281207

0.000000,	0.000000
0.410492,	0.911864
-1.404708,	-1.266682
-1.388558,	1.284841

0.000000,	0.000000
0.410007,	0.912082
-1.408578,	-1.270267
-1.392382,	1.288474

0.000000,	0.000000
0.409521,	0.912301
-1.412447,	-1.273852
-1.396205,	1.292108

0.000000,	0.000000
0.409036,	0.912518
-1.416317,	-1.277437
-1.400029,	1.295741

0.000000,	0.000000
0.408550,	0.912736
-1.420186,	-1.281021
-1.403853,	1.299375

0.000000,	0.000000
0.408064,	0.912953
-1.424055,	-1.284606
-1.407676,	1.303008

0.000000,	0.000000
0.407578,	0.913170
-1.427924,	-1.288191
-1.411500,	1.306642

0.000000,	0.000000
0.407092,	0.913387
-1.431794,	-1.291775
-1.415323,	1.310275

0.000000,	0.000000
0.406605,	0.913604
-1.435663,	-1.295360
-1.419147,	1.313908

0.000000,	0.000000
0.406119,	0.913820
-1.439532,	-1.298944
-1.422970,	1.317542

0.000000,	0.000000
0.405632,	0.914036
-1.443401,	-1.302529
-1.426794,	1.321175

0.000000,	0.000000
0.405146,	0.914252
-1.447270,	-1.306113
-1.430617,	1.324808

0.000000,	0.000000
0.404659,	0.914468
-1.451138,	-1.309697
-1.434440,	1.328441

0.000000,	0.000000
0.404172,	0.914683
-1.455007,	-1.313282
-1.438263,	1.332074

0.000000,	0.000000
0.403685,	0.914898
-1.458876,	-1.316866
-1.442086,	1.335707

0.000000,	0.000000
0.403198,	0.915113
-1.462745,	-1.320450
-1.445909,	1.339340

0.000000,	0.000000
0.402711,	0.915327
-1.466613,	-1.324034
-1.449732,	1.342973

0.000000,	0.000000
0.402224,	0.915541
-1.470482,	-1.327618
-1.453555,	1.346606

0.000000,	0.000000
0.401736,	0.915755
-1.474350,	-1.331202
-1.457378,	1.350238

0.000000,	0.000000
0.401249,	0.915969
-1.478219,	-1.334786
-1.461201,	1.353871

0.000000,	0.000000
0.400761,	0.916183
-1.482087,	-1.338370
-1.465024,	1.357504

0.000000,	0.000000
0.400273,	0.916396
-1.485956,	-1.341954
-1.468846,	1.361136

0.000000,	0.000000
0.399785,	0.916609
-1.489824,	-1.345538
-1.472669,	1.364769

0.000000,	0.000000
0.399297,	0.916822
-1.493692,	-1.349122
-1.476492,	1.368401

0.000000,	0.000000
0.398809,	0.917034
-1.497560,	-1.352705
-1.480314,	1.372034

0.000000,	0.000000
0.398321,	0.917246
-1.501429,	-1.356289
-1.484137,	1.375666

0.000000,	0.000000
0.397833,	0.917458
-1.505297,	-1.359873
-1.487959,	1.379299

0.000000,	0.000000
0.397344,	0.917670
-1.509165,	-1.363456
-1.491782,	1.382931

0.000000,	0.000000
0.396856,	0.917881
-1.513033,	-1.367040
-1.495604,	1.386563

0.000000,	0.000000
0.396367,	0.918092
-1.516901,	-1.370623
-1.499426,	1.390196

0.000000,	0.000000
0.395878,	0.918303
-1.520769,	-1.374207
-1.503249,	1.393828

0.000000,	0.000000
0.395389,	0.918514
-1.524637,	-1.377790
-1.507071,	1.397460

0.000000,	0.000000
0.394900,	0.918724
-1.528504,	-1.381374
-1.510893,	1.401092

0.000000,	0.000000
0.394411,	0.918934
-1.532372,	-1.384957
-1.514715,	1.404724

0.000000,	0.000000
0.393922,	0.919144
-1.536240,	-1.388540
-1.518537,	1.408356

0.000000,	0.000000
0.393432,	0.919354
-1.540108,	-1.392124
-1.522359,	1.411988

0.000000,	0.000000
0.392943,	0.919563
-1.543975,	-1.395707
-1.526181,	1.415620

0.000000,	0.000000
0.392453,	0.919772
-1.547843,	-1.399290
-1.530003,	1.419252

0.000000,	0.000000
0.391964,	0.919981
-1.551710,	-1.402873
-1.533825,	1.422884

0.000000,	0.000000
0.391474,	0.920189
-1.555578,	-1.406456
-1.537647,	1.426516

0.000000,	0.000000
0.390984,	0.920397
-1.559445,	-1.410039
-1.541469,	1.430147

0.000000,	0.000000
0.390494,	0.920605
-1.563313,	-1.413622
-1.545290,	1.433779

0.000000,	0.000000
0.390004,	0.920813
-1.567180,	-1.417205
-1.549112,	1.437411

0.000000,	0.000000
0.389514,	0.921021
-1.571047,	-1.420788
-1.552934,	1.441042

0.000000,	0.000000
0.389023,	0.921228
-1.574914,	-1.424371
-1.556755,	1.444674

0.000000,	0.000000
0.388533,	0.921435
-1.578782,	-1.427954
-1.560577,	1.448306

0.000000,	0.000000
0.388042,	0.921642
-1.582649,	-1.431536
-1.564398,	1.451937

0.000000,	0.000000
0.387552,	0.921848
-1.586516,	-1.435119
-1.568220,	1.455569

0.000000,	0.000000
0.387061,	0.922054
-1.590383,	-1.438702
-1.572041,	1.459200

0.000000,	0.000000
0.386570,	0.922260
-1.594250,	-1.442284
-1.575862,	1.462831

0.000000,	0.000000
0.386079,	0.922466
-1.598117,	-1.445867
-1.579684,	1.466463

0.000000,	0.000000
0.385588,	0.922671
-1.601984,	-1.449450
-1.583505,	1.470094

0.000000,	0.000000
0.385097,	0.922876
-1.605851,	-1.453032
-1.587326,	1.473725

0.000000,	0.000000
0.384605,	0.923081
-1.609718,	-1.456615
-1.591147,	1.477356

0.000000,	0.000000
0.384114,	0.923286
-1.613584,	-1.460197
-1.594969,	1.480988

0.000000,	0.000000
0.383622,	0.923490
-1.617451,	-1.463779
-1.598790,	1.484619

0.000000,	0.000000
0.383130,	0.923694
-1.621318,	-1.467362
-1.602611,	1.488250

0.000000,	0.000000
0.382639,	0.923898
-1.625184,	-1.470944
-1.606432,	1.491881

0.000000,	0.000000
0.382147,	0.924102
-1.629051,	-1.474526
-1.610253,	1.495512

0.000000,	0.000000
0.381655,	0.924305
-1.632918,	-1.478109
-1.614074,	1.499143

0.000000,	0.000000
0.381163,	0.924508
-1.636784,	-1.481691
-1.617894,	1.502774

0.000000,	0.000000
0.380671,	0.924711
-1.640651,	-1.485273
-1.621715,	1.506405

0.000000,	0.000000
0.380178,	0.924913
-1.644517,	-1.488855
-1.625536,	1.510036

0.000000,	0.000000
0.379686,	0.925116
-1.648383,	-1.492437
-1.629357,	1.513666

0.000000,	0.000000
0.379193,	0.925317
-1.652250,	-1.496019
-1.633178,	1.517297

0.000000,	0.000000
0.378701,	0.925519
-1.656116,	-1.499601
-1.636998,	1.520928

0.000000,	0.000000
0.378208,	0.925721
-1.659982,	-1.503183
-1.640819,	1.524559

0.000000,	0.000000
0.377715,	0.925922
-1.663849,	-1.506765
-1.644639,	1.528189

0.000000,	0.000000
0.377222,	0.926123
-1.667715,	-1.510347
-1.648460,	1.531820

0.000000,	0.000000
0.376729,	0.926324
-1.671581,	-1.513929
-1.652280,	1.535451

0.000000,	0.000000
0.376236,	0.926524
-1.675447,	-1.517511
-1.656101,	1.539081

0.000000,	0.000000
0.375743,	0.926724
-1.679313,	-1.521093
-1.659921,	1.542712

0.000000,	0.000000
0.375249,	0.926924
-1.683179,	-1.524674
-1.663742,	1.546342

0.000000,	0.000000
0.374756,	0.927124
-1.687045,	-1.528256
-1.667562,	1.549972

0.000000,	0.000000
0.374262,	0.927323
-1.690911,	-1.531838
-1.671382,	1.553603

0.000000,	0.000000
0.373768,	0.927522
-1.694777,	-1.535419
-1.675203,	1.557233

0.000000,	0.000000
0.373275,	0.927721
-1.698643,	-1.539001
-1.679023,	1.560864

0.000000,	0.000000
0.372781,	0.927919
-1.702509,	-1.542583
-1.682843,	1.564494

0.000000,	0.000000
0.372287,	0.928118
-1.706374,	-1.546164
-1.686663,	1.568124

0.000000,	0.000000
0.371793,	0.928316
-1.710240,	-1.549746
-1.690483,	1.571754

0.000000,	0.000000
0.371298,	0.928514
-1.714106,	-1.553327
-1.694303,	1.575384

0.000000,	0.000000
0.370804,	0.928711
-1.717972,	-1.556908
-1.698123,	1.579015

0.000000,	0.000000
0.370309,	0.928908
-1.721837,	-1.560490
-1.701943,	1.582645

0.000000,	0.000000
0.369815,	0.929105
-1.725703,	-1.564071
-1.705763,	1.586275

0.000000,	0.000000
0.369320,	0.929302
-1.729568,	-1.567653
-1.709583,	1.589905

0.000000,	0.000000
0.368826,	0.929499
-1.733434,	-1.571234
-1.713403,	1.593535

0.000000,	0.000000
0.368331,	0.929695
-1.737299,	-1.574815
-1.717223,	1.597165

0.000000,	0.000000
0.367836,	0.929891
-1.741165,	-1.578396
-1.721042,	1.600795

0.000000,	0.000000
0.367341,	0.930086
-1.745030,	-1.581977
-1.724862,	1.604425

0.000000,	0.000000
0.366845,	0.930282
-1.748895,	-1.585559
-1.728682,	1.608054

0.000000,	0.000000
0.366350,	0.930477
-1.752761,	-1.589140
-1.732502,	1.611684

0.000000,	0.000000
0.365855,	0.930672
-1.756626,	-1.592721
-1.736321,	1.615314

0.000000,	0.000000
0.365359,	0.930867
-1.760491,	-1.596302
-1.740141,	1.618944

0.000000,	0.000000
0.364864,	0.931061
-1.764357,	-1.599883
-1.743960,	1.622574

0.000000,	0.000000
0.364368,	0.931255
-1.768222,	-1.603464
-1.747780,	1.626203

0.000000,	0.000000
0.363872,	0.931449
-1.772087,	-1.607045
-1.751599,	1.629833

0.000000,	0.000000
0.363376,	0.931642
-1.775952,	-1.610626
-1.755419,	1.633463

0.000000,	0.000000
0.362880,	0.931836
-1.779817,	-1.614207
-1.759238,	1.637092

0.000000,	0.000000
0.362384,	0.932029
-1.783682,	-1.617787
-1.763058,	1.640722

0.000000,	0.000000
0.361888,	0.932222
-1.787547,	-1.621368
-1.766877,	1.644351

0.000000,	0.000000
0.361392,	0.932414
-1.791412,	-1.624949
-1.770696,	1.647981

0.000000,	0.000000
0.360895,	0.932606
-1.795277,	-1.628530
-1.774515,	1.651610

0.000000,	0.000000
0.360399,	0.932798
-1.799142,	-1.632110
-1.778335,	1.655240

0.000000,	0.000000
0.359902,	0.932990
-1.803007,	-1.635691
-1.782154,	1.658869

0.000000,	0.000000
0.359405,	0.933182
-1.806871,	-1.639272
-1.785973,	1.662498

0.000000,	0.000000
0.358909,	0.933373
-1.810736,	-1.642852
-1.789792,	1.666128

0.000000,	0.000000
0.358412,	0.933564
-1.814601,	-1.646433
-1.793611,	1.669757

0.000000,	0.000000
0.357915,	0.933754
-1.818466,	-1.650014
-1.797430,	1.673386

0.000000,	0.000000
0.357418,	0.933945
-1.822330,	-1.653594
-1.801249,	1.677015

0.000000,	0.000000
0.356920,	0.934135
-1.826195,	-1.657175
-1.805068,	1.680645

0.000000,	0.000000
0.356423,	0.934325
-1.830060,	-1.660755
-1.808887,	1.684274

0.000000,	0.000000
0.355926,	0.934514
-1.833924,	-1.664335
-1.812706,	1.687903

0.000000,	0.000000
0.355428,	0.934704
-1.837789,	-1.667916
-1.816525,	1.691532

0.000000,	0.000000
0.354930,	0.934893
-1.841653,	-1.671496
-1.820344,	1.695161

0.000000,	0.000000
0.354433,	0.935082
-1.845518,	-1.675077
-1.824163,	1.698790

0.000000,	0.000000
0.353935,	0.935270
-1.849382,	-1.678657
-1.827982,	1.702419

0.000000,	0.000000
0.353437,	0.935458
-1.853247,	-1.682237
-1.831800,	1.706048

0.000000,	0.000000
0.352939,	0.935646
-1.857111,	-1.685817
-1.835619,	1.709677

0.000000,	0.000000
0.352441,	0.935834
-1.860975,	-1.689398
-1.839438,	1.713306

0.000000,	0.000000
0.351943,	0.936022
-1.864840,	-1.692978
-1.843256,	1.716935

0.000000,	0.000000
0.351444,	0.936209
-1.868704,	-1.696558
-1.847075,	1.720564

0.000000,	0.000000
0.350946,	0.936396
-1.872568,	-1.700138
-1.850894,	1.724193

0.000000,	0.000000
0.350447,	0.936582
-1.876432,	-1.703718
-1.854712,	1.727821

0.000000,	0.000000
0.349949,	0.936769
-1.880296,	-1.707298
-1.858531,	1.731450

0.000000,	0.000000
0.349450,	0.936955
-1.884161,	-1.710878
-1.862349,	1.735079

0.000000,	0.000000
0.348951,	0.937141
-1.888025,	-1.714458
-1.866168,	1.738708

0.000000,	0.000000
0.348452,	0.937327
-1.891889,	-1.718038
-1.869986,	1.742336

0.000000,	0.000000
0.347953,	0.937512
-1.895753,	-1.721618
-1.873804,	1.745965

0.000000,	0.000000
0.347454,	0.937697
-1.899617,	-1.725198
-1.877623,	1.749594

0.000000,	0.000000
0.346955,	0.937882
-1.903481,	-1.728778
-1.881441,	1.753222

0.000000,	0.000000
0.346455,	0.938066
-1.907345,	-1.732358
-1.885259,	1.756851

0.000000,	0.000000
0.345956,	0.938251
-1.911209,	-1.735938
-1.889078,	1.760479

0.000000,	0.000000
0.345456,	0.938435
-1.915073,	-1.739518
-1.892896,	1.764108

0.000000,	0.000000
0.344957,	0.938619
-1.918936,	-1.743097
-1.896714,	1.767736

0.000000,	0.000000
0.344457,	0.938802
-1.922800,	-1.746677
-1.900532,	1.771365

0.000000,	0.000000
0.343957,	0.938985
-1.926664,	-1.750257
-1.904350,	1.774993

0.000000,	0.000000
0.343457,	0.939168
-1.930528,	-1.753836
-1.908168,	1.778622

0.000000,	0.000000
0.342957,	0.939351
-1.934392,	-1.757416
-1.911986,	1.782250

0.000000,	0.000000
0.342457,	0.939533
-1.938255,	-1.760996
-1.915805,	1.785878

0.000000,	0.000000
0.341957,	0.939716
-1.942119,	-1.764575
-1.919623,	1.789507

0.000000,	0.000000
0.341457,	0.939897
-1.945983,	-1.768155
-1.923441,	1.793135

0.000000,	0.000000
0.340956,	0.940079
-1.949846,	-1.771735
-1.927258,	1.796763

0.000000,	0.000000
0.340456,	0.940260
-1.953710,	-1.775314
-1.931076,	1.800391

0.000000,	0.000000
0.339955,	0.940442
-1.957573,	-1.778894
-1.934894,	1.804019

0.000000,	0.000000
0.339455,	0.940622
-1.961437,	-1.782473
-1.938712,	1.807648

0.000000,	0.000000
0.338954,	0.940803
-1.965300,	-1.786052
-1.942530,	1.811276

0.000000,	0.000000
0.338453,	0.940983
-1.969164,	-1.789632
-1.946348,	1.814904

0.000000,	0.000000
0.337952,	0.941163
-1.973027,	-1.793211
-1.950166,	1.818532

0.000000,	0.000000
0.337451,	0.941343
-1.976891,	-1.796791
-1.953983,	1.822160

0.000000,	0.000000
0.336950,	0.941523
-1.980754,	-1.800370
-1.957801,	1.825788

0.000000,	0.000000
0.336449,	0.941702
-1.984617,	-1.803949
-1.961619,	1.829416

0.000000,	0.000000
0.335947,	0.941881
-1.988481,	-1.807529
-1.965436,	1.833044

0.000000,	0.000000
0.335446,	0.942060
-1.992344,	-1.811108
-1.969254,	1.836672

0.000000,	0.000000
0.334944,	0.942238
-1.996207,	-1.814687
-1.973072,	1.840300

0.000000,	0.000000
0.334443,	0.942416
-2.000070,	-1.818266
-1.976889,	1.843928

0.000000,	0.000000
0.333941,	0.942594
-2.003934,	-1.821845
-1.980707,	1.847556

0.000000,	0.000000
0.333439,	0.942772
-2.007797,	-1.825425
-1.984524,	1.851183

0.000000,	0.000000
0.332937,	0.942949
-2.011660,	-1.829004
-1.988342,	1.854811

0.000000,	0.000000
0.332435,	0.943126
-2.015523,	-1.832583
-1.992159,	1.858439

0.000000,	0.000000
0.331933,	0.943303
-2.019386,	-1.836162
-1.995977,	1.862067

0.000000,	0.000000
0.331431,	0.943480
-2.023249,	-1.839741
-1.999794,	1.865695

0.000000,	0.000000
0.330928,	0.943656
-2.027112,	-1.843320
-2.003611,	1.869322

0.000000,	0.000000
0.330426,	0.943832
-2.030975,	-1.846899
-2.007429,	1.872950

0.000000,	0.000000
0.329924,	0.944008
-2.034838,	-1.850478
-2.011246,	1.876578

0.000000,	0.000000
0.329421,	0.944183
-2.038701,	-1.854057
-2.015063,	1.880205

0.000000,	0.000000
0.328918,	0.944358
-2.042564,	-1.857636
-2.018881,	1.883833

0.000000,	0.000000
0.328416,	0.944533
-2.046427,	-1.861215
-2.022698,	1.887461

0.000000,	0.000000
0.327913,	0.944708
-2.050290,	-1.864794
-2.026515,	1.891088

0.000000,	0.000000
0.327410,	0.944882
-2.054153,	-1.868373
-2.030332,	1.894716

0.000000,	0.000000
0.326907,	0.945057
-2.058015,	-1.871951
-2.034149,	1.898343

0.000000,	0.000000
0.326404,	0.945230
-2.061878,	-1.875530
-2.037967,	1.901971

0.000000,	0.000000
0.325900,	0.945404
-2.065741,	-1.879109
-2.041784,	1.905598

0.000000,	0.000000
0.325397,	0.945577
-2.069604,	-1.882688
-2.045601,	1.909225

0.000000,	0.000000
0.324894,	0.945751
-2.073466,	-1.886266
-2.049418,	1.912853

0.000000,	0.000000
0.324390,	0.945923
-2.077329,	-1.889845
-2.053235,	1.916480

0.000000,	0.000000
0.323887,	0.946096
-2.081192,	-1.893424
-2.057052,	1.920108

0.000000,	0.000000
0.323383,	0.946268
-2.085054,	-1.897002
-2.060869,	1.923735

0.000000,	0.000000
0.322879,	0.946440
-2.088917,	-1.900581
-2.064686,	1.927362

0.000000,	0.000000
0.322375,	0.946612
-2.092779,	-1.904160
-2.068503,	1.930990

0.000000,	0.000000
0.321871,	0.946783
-2.096642,	-1.907738
-2.072319,	1.934617

0.000000,	0.000000
0.321367,	0.946955
-2.100505,	-1.911317
-2.076136,	1.938244

0.000000,	0.000000
0.320863,	0.947126
-2.104367,	-1.914895
-2.079953,	1.941871

0.000000,	0.000000
0.320359,	0.947296
-2.108229,	-1.918474
-2.083770,	1.945499

0.000000,	0.000000
0.319854,	0.947467
-2.112092,	-1.922052
-2.087587,	1.949126

0.000000,	0.000000
0.319350,	0.947637
-2.115954,	-1.925631
-2.091404,	1.952753

0.000000,	0.000000
0.318846,	0.947807
-2.119817,	-1.929209
-2.095220,	1.956380

0.000000,	0.000000
0.318341,	0.947976
-2.123679,	-1.932788
-2.099037,	1.960007

0.000000,	0.000000
0.317836,	0.948146
-2.127541,	-1.936366
-2.102854,	1.963634

0.000000,	0.000000
0.317331,	0.948315
-2.131404,	-1.939944
-2.106670,	1.967261

0.000000,	0.000000
0.316827,	0.948483
-2.135266,	-1.943523
-2.110487,	1.970888

0.000000,	0.000000
0.316322,	0.948652
-2.139128,	-1.947101
-2.114304,	1.974515

0.000000,	0.000000
0.315817,	0.948820
-2.142991,	-1.950679
-2.118120,	1.978142

0.000000,	0.000000
0.315311,	0.948988
-2.146853,	-1.954258
-2.121937,	1.981769

0.000000,	0.000000
0.314806,	0.949156
-2.150715,	-1.957836
-2.125753,	1.985396

0.000000,	0.000000
0.314301,	0.949323
-2.154577,	-1.961414
-2.129570,	1.989023

0.000000,	0.000000
0.313795,	0.949491
-2.158439,	-1.964992
-2.133386,	1.992650

0.000000,	0.000000
0.313290,	0.949658
-2.162301,	-1.968571
-2.137203,	1.996277

0.000000,	0.000000
0.312784,	0.949824
-2.166163,	-1.972149
-2.141019,	1.999904

0.000000,	0.000000
0.312279,	0.949991
-2.170025,	-1.975727
-2.144836,	2.003530

0.000000,	0.000000
0.311773,	0.950157
-2.173888,	-1.979305
-2.148652,	2.007157

0.000000,	0.000000
0.311267,	0.950322
-2.177750,	-1.982883
-2.152468,	2.010784

0.000000,	0.000000
0.310761,	0.950488
-2.181612,	-1.986461
-2.156285,	2.014411

0.000000,	0.000000
0.310255,	0.950653
-2.185474,	-1.990039
-2.160101,	2.018038

0.000000,	0.000000
0.309749,	0.950818
-2.189335,	-1.993617
-2.163917,	2.021664

0.000000,	0.000000
0.309243,	0.950983
-2.193197,	-1.997195
-2.167733,	2.025291

0.000000,	0.000000
0.308737,	0.951148
-2.197059,	-2.000773
-2.171550,	2.028918

0.000000,	0.000000
0.308230,	0.951312
-2.200921,	-2.004351
-2.175366,	2.032544

0.000000,	0.000000
0.307724,	0.951476
-2.204783,	-2.007929
-2.179182,	2.036171

0.000000,	0.000000
0.307217,	0.951639
-2.208645,	-2.011507
-2.182998,	2.039797

0.000000,	0.000000
0.306710,	0.951803
-2.212507,	-2.015085
-2.186814,	2.043424

0.000000,	0.000000
0.306204,	0.951966
-2.216368,	-2.018663
-2.190631,	2.047051

0.000000,	0.000000
0.305697,	0.952129
-2.220230,	-2.022241
-2.194447,	2.050677

0.000000,	0.000000
0.305190,	0.952291
-2.224092,	-2.025819
-2.198263,	2.054304

0.000000,	0.000000
0.304683,	0.952454
-2.227954,	-2.029397
-2.202079,	2.057930

0.000000,	0.000000
0.304176,	0.952616
-2.231815,	-2.032974
-2.205895,	2.061557

0.000000,	0.000000
0.303669,	0.952778
-2.235677,	-2.036552
-2.209711,	2.065183

0.000000,	0.000000
0.303162,	0.952939
-2.239539,	-2.040130
-2.213527,	2.068810

0.000000,	0.000000
0.302654,	0.953100
-2.243400,	-2.043708
-2.217343,	2.072436

0.000000,	0.000000
0.302147,	0.953261
-2.247262,	-2.047285
-2.221159,	2.076062

0.000000,	0.000000
0.301639,	0.953422
-2.251123,	-2.050863
-2.224975,	2.079689

0.000000,	0.000000
0.301132,	0.953583
-2.254985,	-2.054441
-2.228791,	2.083315

0.000000,	0.000000
0.300624,	0.953743
-2.258846,	-2.058018
-2.232606,	2.086941

0.000000,	0.000000
0.300116,	0.953903
-2.262708,	-2.061596
-2.236422,	2.090568

0.000000,	0.000000
0.299608,	0.954062
-2.266569,	-2.065174
-2.240238,	2.094194

0.000000,	0.000000
0.299101,	0.954222
-2.270431,	-2.068751
-2.244054,	2.097820

0.000000,	0.000000
0.298593,	0.954381
-2.274292,	-2.072329
-2.247870,	2.101446

0.000000,	0.000000
0.298084,	0.954540
-2.278154,	-2.075906
-2.251685,	2.105073

0.000000,	0.000000
0.297576,	0.954698
-2.282015,	-2.079484
-2.255501,	2.108699

0.000000,	0.000000
0.297068,	0.954856
-2.285877,	-2.083062
-2.259317,	2.112325

0.000000,	0.000000
0.296560,	0.955014
-2.289738,	-2.086639
-2.263133,	2.115951

0.000000,	0.000000
0.296051,	0.955172
-2.293599,	-2.090217
-2.266948,	2.119577

0.000000,	0.000000
0.295543,	0.955330
-2.297461,	-2.093794
-2.270764,	2.123203

0.000000,	0.000000
0.295034,	0.955487
-2.301322,	-2.097371
-2.274580,	2.126830

0.000000,	0.000000
0.294525,	0.955644
-2.305183,	-2.100949
-2.278395,	2.130456

0.000000,	0.000000
0.294017,	0.955800
-2.309044,	-2.104526
-2.282211,	2.134082

0.000000,	0.000000
0.293508,	0.955957
-2.312906,	-2.108104
-2.286026,	2.137708

0.000000,	0.000000
0.292999,	0.956113
-2.316767,	-2.111681
-2.289842,	2.141334

0.000000,	0.000000
0.292490,	0.956269
-2.320628,	-2.115258
-2.293657,	2.144960

0.000000,	0.000000
0.291981,	0.956424
-2.324489,	-2.118836
-2.297473,	2.148586

0.000000,	0.000000
0.291472,	0.956580
-2.328350,	-2.122413
-2.301288,	2.152212

0.000000,	0.000000
0.290962,	0.956735
-2.332211,	-2.125990
-2.305104,	2.155838

0.000000,	0.000000
0.290453,	0.956889
-2.336072,	-2.129567
-2.308919,	2.159464

0.000000,	0.000000
0.289943,	0.957044
-2.339934,	-2.133145
-2.312735,	2.163090

0.000000,	0.000000
0.289434,	0.957198
-2.343795,	-2.136722
-2.316550,	2.166715

0.000000,	0.000000
0.288924,	0.957352
-2.347656,	-2.140299
-2.320366,	2.170341

0.000000,	0.000000
0.288415,	0.957506
-2.351517,	-2.143876
-2.324181,	2.173967

0.000000,	0.000000
0.287905,	0.957659
-2.355378,	-2.147454
-2.327996,	2.177593

0.000000,	0.000000
0.287395,	0.957812
-2.359239,	-2.151031
-2.331812,	2.181219

0.000000,	0.000000
0.286885,	0.957965
-2.363100,	-2.154608
-2.335627,	2.184845

0.000000,	0.000000
0.286375,	0.958118
-2.366961,	-2.158185
-2.339442,	2.188470

0.000000,	0.000000
0.285865,	0.958270
-2.370821,	-2.161762
-2.343257,	2.192096

0.000000,	0.000000
0.285355,	0.958422
-2.374682,	-2.165339
-2.347073,	2.195722

0.000000,	0.000000
0.284845,	0.958574
-2.378543,	-2.168916
-2.350888,	2.199348

0.000000,	0.000000
0.284334,	0.958725
-2.382404,	-2.172493
-2.354703,	2.202973

0.000000,	0.000000
0.283824,	0.958876
-2.386265,	-2.176070
-2.358518,	2.206599

0.000000,	0.000000
0.283313,	0.959027
-2.390126,	-2.179647
-2.362333,	2.210225

0.000000,	0.000000
0.282803,	0.959178
-2.393986,	-2.183224
-2.366148,	2.213850

0.000000,	0.000000
0.282292,	0.959328
-2.397847,	-2.186801
-2.369964,	2.217476

0.000000,	0.000000
0.281782,	0.959479
-2.401708,	-2.190378
-2.373779,	2.221101

0.000000,	0.000000
0.281271,	0.959628
-2.405569,	-2.193955
-2.377594,	2.224727

0.000000,	0.000000
0.280760,	0.959778
-2.409429,	-2.197532
-2.381409,	2.228353

0.000000,	0.000000
0.280249,	0.959927
-2.413290,	-2.201109
-2.385224,	2.231978

0.000000,	0.000000
0.279738,	0.960076
-2.417151,	-2.204686
-2.389039,	2.235604

0.000000,	0.000000
0.279227,	0.960225
-2.421011,	-2.208263
-2.392854,	2.239229

0.000000,	0.000000
0.278715,	0.960374
-2.424872,	-2.211839
-2.396669,	2.242855

0.000000,	0.000000
0.278204,	0.960522
-2.428733,	-2.215416
-2.400484,	2.246480

0.000000,	0.000000
0.277693,	0.960670
-2.432593,	-2.218993
-2.404299,	2.250106

0.000000,	0.000000
0.277181,	0.960818
-2.436454,	-2.222570
-2.408114,	2.253731

0.000000,	0.000000
0.276670,	0.960965
-2.440314,	-2.226147
-2.411929,	2.257357

0.000000,	0.000000
0.276158,	0.961112
-2.444175,	-2.229723
-2.415743,	2.260982

0.000000,	0.000000
0.275647,	0.961259
-2.448035,	-2.233300
-2.419558,	2.264607

0.000000,	0.000000
0.275135,	0.961406
-2.451896,	-2.236877
-2.423373,	2.268233

0.000000,	0.000000
0.274623,	0.961552
-2.455756,	-2.240454
-2.427188,	2.271858

0.000000,	0.000000
0.274111,	0.961698
-2.459617,	-2.244030
-2.431003,	2.275483

0.000000,	0.000000
0.273599,	0.961844
-2.463477,	-2.247607
-2.434818,	2.279109

0.000000,	0.000000
0.273087,	0.961989
-2.467338,	-2.251184
-2.438632,	2.282734

0.000000,	0.000000
0.272575,	0.962135
-2.471198,	-2.254760
-2.442447,	2.286359

0.000000,	0.000000
0.272063,	0.962280
-2.475059,	-2.258337
-2.446262,	2.289985

0.000000,	0.000000
0.271550,	0.962424
-2.478919,	-2.261913
-2.450077,	2.293610

0.000000,	0.000000
0.271038,	0.962569
-2.482779,	-2.265490
-2.453891,	2.297235

0.000000,	0.000000
0.270526,	0.962713
-2.486640,	-2.269067
-2.457706,	2.300860

0.000000,	0.000000
0.270013,	0.962857
-2.490500,	-2.272643
-2.461521,	2.304485

0.000000,	0.000000
0.269500,	0.963000
-2.494360,	-2.276220
-2.465335,	2.308111

0.000000,	0.000000
0.268988,	0.963144
-2.498221,	-2.279796
-2.469150,	2.311736

0.000000,	0.000000
0.268475,	0.963287
-2.502081,	-2.283373
-2.472964,	2.315361

0.000000,	0.000000
0.267962,	0.963429
-2.505941,	-2.286949
-2.476779,	2.318986

0.000000,	0.000000
0.267449,	0.963572
-2.509801,	-2.290526
-2.480594,	2.322611

0.000000,	0.000000
0.266936,	0.963714
-2.513661,	-2.294102
-2.484408,	2.326236

0.000000,	0.000000
0.266423,	0.963856
-2.517522,	-2.297678
-2.488223,	2.329861

0.000000,	0.000000
0.265910,	0.963998
-2.521382,	-2.301255
-2.492037,	2.333486

0.000000,	0.000000
0.265397,	0.964139
-2.525242,	-2.304831
-2.495852,	2.337112

0.000000,	0.000000
0.264884,	0.964280
-2.529102,	-2.308408
-2.499666,	2.340737

0.000000,	0.000000
0.264370,	0.964421
-2.532962,	-2.311984
-2.503481,	2.344362

0.000000,	0.000000
0.263857,	0.964562
-2.536822,	-2.315560
-2.507295,	2.347987

0.000000,	0.000000
0.263343,	0.964702
-2.540682,	-2.319137
-2.511109,	2.351612

0.000000,	0.000000
0.262830,	0.964842
-2.544542,	-2.322713
-2.514924,	2.355236

0.000000,	0.000000
0.262316,	0.964982
-2.548402,	-2.326289
-2.518738,	2.358861

0.000000,	0.000000
0.261802,	0.965122
-2.552262,	-2.329866
-2.522553,	2.362486

0.000000,	0.000000
0.261288,	0.965261
-2.556122,	-2.333442
-2.526367,	2.366111

0.000000,	0.000000
0.260775,	0.965400
-2.559982,	-2.337018
-2.530181,	2.369736

0.000000,	0.000000
0.260261,	0.965538
-2.563842,	-2.340594
-2.533996,	2.373361

0.000000,	0.000000
0.259747,	0.965677
-2.567702,	-2.344171
-2.537810,	2.376986

0.000000,	0.000000
0.259232,	0.965815
-2.571562,	-2.347747
-2.541624,	2.380611

0.000000,	0.000000
0.258718,	0.965953
-2.575422,	-2.351323
-2.545438,	2.384236

0.000000,	0.000000
0.258204,	0.966090
-2.579282,	-2.354899
-2.549253,	2.387860

0.000000,	0.000000
0.257690,	0.966228
-2.583142,	-2.358475
-2.553067,	2.391485

0.000000,	0.000000
0.257175,	0.966365
-2.587002,	-2.362051
-2.556881,	2.395110

0.000000,	0.000000
0.256661,	0.966502
-2.590862,	-2.365628
-2.560695,	2.398735

0.000000,	0.000000
0.256146,	0.966638
-2.594722,	-2.369204
-2.564510,	2.402360

0.000000,	0.000000
0.255632,	0.966774
-2.598581,	-2.372780
-2.568324,	2.405984

0.000000,	0.000000
0.255117,	0.966910
-2.602441,	-2.376356
-2.572138,	2.409609

