0.000000,	0.000000
0.969159,	-0.246435
0.013571,	0.009546
10.000000,	0.000000

0.000000,	0.000000
0.969812,	-0.243854
0.040655,	0.009421
9.986993,	-0.000000

0.000000,	0.000000
0.970457,	-0.241272
0.063033,	0.007884
9.973985,	-0.000000

0.000000,	0.000000
0.971096,	-0.238688
0.083581,	0.006095
9.960978,	-0.000000

0.000000,	0.000000
0.971728,	-0.236103
0.103103,	0.004226
9.947970,	-0.000000

0.000000,	0.000000
0.972353,	-0.233515
0.121954,	0.002327
9.934963,	-0.000000

0.000000,	0.000000
0.972971,	-0.230926
0.140329,	0.000419
9.921955,	-0.000000

0.000000,	0.000000
0.973582,	-0.228336
0.158344,	-0.001491
9.908947,	-0.000000

0.000000,	0.000000
0.974187,	-0.225744
0.176077,	-0.003398
9.895939,	-0.000000

0.000000,	0.000000
0.974784,	-0.223150
0.193584,	-0.005301
9.882932,	-0.000000

0.000000,	0.000000
0.975375,	-0.220555
0.210902,	-0.007199
9.869924,	-0.000000

0.000000,	0.000000
0.975958,	-0.217958
0.228063,	-0.009092
9.856916,	-0.000000

0.000000,	0.000000
0.976535,	-0.215359
0.245089,	-0.010979
9.843907,	-0.000000

0.000000,	0.000000
0.977105,	-0.212759
0.261999,	-0.012861
9.830899,	-0.000000

0.000000,	0.000000
0.977668,	-0.210158
0.278806,	-0.014739
9.817891,	-0.000000

0.000000,	0.000000
0.978223,	-0.207555
0.295524,	-0.016611
9.804883,	-0.000000

0.000000,	0.000000
0.978772,	-0.204950
0.312162,	-0.018479
9.791874,	-0.000000

0.000000,	0.000000
0.979314,	-0.202344
0.328728,	-0.020343
9.778866,	-0.000000

0.000000,	0.000000
0.979850,	-0.199737
0.345230,	-0.022203
9.765857,	-0.000000

0.000000,	0.000000
0.980378,	-0.197128
0.361673,	-0.024059
9.752849,	-0.000000

0.000000,	0.000000
0.980899,	-0.194518
0.378064,	-0.025912
9.739840,	-0.000000

0.000000,	0.000000
0.981413,	-0.191906
0.394405,	-0.027762
9.726831,	-0.000000

0.000000,	0.000000
0.981921,	-0.189294
0.410702,	-0.029608
9.713822,	-0.000000

0.000000,	0.000000
0.982421,	-0.186679
0.426959,	-0.031452
9.700813,	-0.000000

0.000000,	0.000000
0.982914,	-0.184064
0.443177,	-0.033292
9.687804,	-0.000000

0.000000,	0.000000
0.983401,	-0.181447
0.459360,	-0.035130
9.674795,	-0.000000

0.000000,	0.000000
0.983880,	-0.178829
0.475510,	-0.036966
9.661786,	-0.000000

0.000000,	0.000000
0.984353,	-0.176209
0.491630,	-0.038800
9.648777,	-0.000000

0.000000,	0.000000
0.984818,	-0.173589
0.507721,	-0.040631
9.635767,	-0.000000

0.000000,	0.000000
0.985277,	-0.170967
0.523786,	-0.042460
9.622758,	-0.000000

0.000000,	0.000000
0.985728,	-0.168344
0.539826,	-0.044287
9.609749,	-0.000000

0.000000,	0.000000
0.986173,	-0.165719
0.555842,	-0.046113
9.596739,	-0.000000

0.000000,	0.000000
0.986611,	-0.163094
0.571836,	-0.047936
9.583729,	-0.000000

0.000000,	0.000000
0.987041,	-0.160467
0.587810,	-0.049758
9.570720,	-0.000000

0.000000,	0.000000
0.987465,	-0.157839
0.603764,	-0.051579
9.557710,	-0.000000

0.000000,	0.000000
0.987881,	-0.155210
0.619699,	-0.053397
9.544700,	-0.000000

0.000000,	0.000000
0.988291,	-0.152580
0.635617,	-0.055215
9.531690,	-0.000000

0.000000,	0.000000
0.988694,	-0.149949
0.651518,	-0.057031
9.518680,	-0.000000

0.000000,	0.000000
0.989089,	-0.147317
0.667404,	-0.058846
9.505670,	-0.000000

0.000000,	0.000000
0.989478,	-0.144684
0.683274,	-0.060660
9.492660,	-0.000000

0.000000,	0.000000
0.989859,	-0.142050
0.699131,	-0.062473
9.479650,	-0.000000

0.000000,	0.000000
0.990234,	-0.139415
0.714975,	-0.064284
9.466639,	-0.000000

0.000000,	0.000000
0.990602,	-0.136778
0.730806,	-0.066095
9.453629,	-0.000000

0.000000,	0.000000
0.990962,	-0.134141
0.746625,	-0.067905
9.440618,	-0.000000

0.000000,	0.000000
0.991316,	-0.131503
0.762433,	-0.069714
9.427608,	-0.000000

0.000000,	0.000000
0.991662,	-0.128864
0.778230,	-0.071522
9.414597,	-0.000000

0.000000,	0.000000
0.992002,	-0.126224
0.794018,	-0.073330
9.401586,	-0.000000

0.000000,	0.000000
0.992334,	-0.123583
0.809797,	-0.075137
9.388576,	-0.000000

0.000000,	0.000000
0.992660,	-0.120942
0.825568,	-0.076944
9.375565,	-0.000000

0.000000,	0.000000
0.992978,	-0.118299
0.841331,	-0.078751
9.362554,	-0.000000

0.000000,	0.000000
0.993289,	-0.115656
0.857088,	-0.080558
9.349543,	-0.000000

0.000000,	0.000000
0.993594,	-0.113011
0.872840,	-0.082365
9.336532,	-0.000000

0.000000,	0.000000
0.993891,	-0.110366
0.888588,	-0.084172
9.323520,	-0.000000

0.000000,	0.000000
0.994181,	-0.107720
0.904334,	-0.085981
9.310509,	-0.000000

0.000000,	0.000000
0.994464,	-0.105074
0.920082,	-0.087791
9.297498,	-0.000000

0.000000,	0.000000
0.994741,	-0.102427
0.935837,	-0.089603
9.284486,	-0.000000

0.000000,	0.000000
0.995010,	-0.099778
0.951608,	-0.091421
9.271475,	-0.000000

0.000000,	0.000000
0.995272,	-0.097130
0.967418,	-0.093245
9.258463,	-0.000000

0.000000,	0.000000
0.995527,	-0.094480
0.983351,	-0.095084
9.245451,	-0.000000

0.000000,	0.000000
0.995775,	-0.091830
1.000103,	-0.096241
9.232440,	-0.000000

0.000000,	0.000000
0.996016,	-0.089179
1.016692,	-0.095539
9.219428,	-0.000000

0.000000,	0.000000
0.996249,	-0.086528
1.033033,	-0.094736
9.206416,	-0.000000

0.000000,	0.000000
0.996476,	-0.083876
1.049303,	-0.093918
9.193404,	-0.000000

0.000000,	0.000000
0.996696,	-0.081223
1.065535,	-0.093093
9.180392,	-0.000000

0.000000,	0.000000
0.996909,	-0.078570
1.081743,	-0.092264
9.167379,	-0.000000

0.000000,	0.000000
0.997114,	-0.075916
1.097934,	-0.091433
9.154367,	-0.000000

0.000000,	0.000000
0.997313,	-0.073262
1.114111,	-0.090600
9.141355,	-0.000000

0.000000,	0.000000
0.997504,	-0.070607
1.130275,	-0.089766
9.128342,	-0.000000

0.000000,	0.000000
0.997689,	-0.067952
1.146430,	-0.088931
9.115330,	-0.000000

0.000000,	0.000000
0.997866,	-0.065296
1.162575,	-0.088095
9.102317,	-0.000000

0.000000,	0.000000
0.998036,	-0.062640
1.178713,	-0.087257
9.089304,	-0.000000

0.000000,	0.000000
0.998199,	-0.059983
1.194842,	-0.086420
9.076291,	-0.000000

0.000000,	0.000000
0.998356,	-0.057326
1.210965,	-0.085581
9.063279,	-0.000000

0.000000,	0.000000
0.998505,	-0.054669
1.227081,	-0.084742
9.050266,	-0.000000

0.000000,	0.000000
0.998647,	-0.052011
1.243191,	-0.083903
9.037252,	-0.000000

0.000000,	0.000000
0.998781,	-0.049352
1.259294,	-0.083062
9.024239,	-0.000000

0.000000,	0.000000
0.998909,	-0.046694
1.275393,	-0.082222
9.011226,	-0.000000

0.000000,	0.000000
0.999030,	-0.044035
1.291485,	-0.081381
8.998213,	-0.000000

0.000000,	0.000000
0.999144,	-0.041376
1.307573,	-0.080540
8.985199,	-0.000000

0.000000,	0.000000
0.999250,	-0.038716
1.323656,	-0.079698
8.972186,	-0.000000

0.000000,	0.000000
0.999350,	-0.036056
1.339733,	-0.078856
8.959172,	-0.000000

0.000000,	0.000000
0.999442,	-0.033396
1.355807,	-0.078014
8.946159,	-0.000000

0.000000,	0.000000
0.999528,	-0.030736
1.371876,	-0.077171
8.933145,	-0.000000

0.000000,	0.000000
0.999606,	-0.028075
1.387940,	-0.076328
8.920131,	-0.000000

0.000000,	0.000000
0.999677,	-0.025414
1.404000,	-0.075485
8.907117,	-0.000000

0.000000,	0.000000
0.999741,	-0.022754
1.420056,	-0.074641
8.894103,	-0.000000

0.000000,	0.000000
0.999798,	-0.020092
1.436109,	-0.073798
8.881089,	-0.000000

0.000000,	0.000000
0.999848,	-0.017431
1.452157,	-0.072954
8.868075,	-0.000000

0.000000,	0.000000
0.999891,	-0.014770
1.468202,	-0.072110
8.855060,	-0.000000

0.000000,	0.000000
0.999927,	-0.012108
1.484243,	-0.071265
8.842046,	-0.000000

0.000000,	0.000000
0.999955,	-0.009447
1.500281,	-0.070421
8.829031,	-0.000000

0.000000,	0.000000
0.999977,	-0.006785
1.516315,	-0.069576
8.816017,	-0.000000

0.000000,	0.000000
0.999991,	-0.004124
1.532345,	-0.068731
8.803002,	-0.000000

0.000000,	0.000000
0.999999,	-0.001462
1.548373,	-0.067886
8.789987,	-0.000000

0.000000,	0.000000
0.999999,	0.001200
1.564397,	-0.067041
8.776972,	-0.000000

0.000000,	0.000000
0.999993,	0.003861
1.580418,	-0.066195
8.763957,	-0.000000

0.000000,	0.000000
0.999979,	0.006523
1.596437,	-0.065350
8.750942,	-0.000000

0.000000,	0.000000
0.999958,	0.009185
1.612452,	-0.064504
8.737927,	-0.000000

0.000000,	0.000000
0.999930,	0.011846
1.628464,	-0.063658
8.724912,	-0.000000

0.000000,	0.000000
0.999895,	0.014508
1.644473,	-0.062812
8.711897,	-0.000000

0.000000,	0.000000
0.999853,	0.017169
1.660480,	-0.061966
8.698881,	-0.000000

0.000000,	0.000000
0.999803,	0.019830
1.676484,	-0.061120
8.685866,	-0.000000

0.000000,	0.000000
0.999747,	0.022492
1.692485,	-0.060274
8.672850,	-0.000000

0.000000,	0.000000
0.999684,	0.025152
1.708483,	-0.059427
8.659834,	-0.000000

0.000000,	0.000000
0.999613,	0.027813
1.724479,	-0.058581
8.646819,	-0.000000

0.000000,	0.000000
0.999536,	0.030474
1.740473,	-0.057734
8.633803,	-0.000000

0.000000,	0.000000
0.999451,	0.033134
1.756464,	-0.056887
8.620787,	-0.000000

0.000000,	0.000000
0.999359,	0.035794
1.772452,	-0.056041
8.607771,	-0.000000

0.000000,	0.000000
0.999260,	0.038454
1.788438,	-0.055194
8.594754,	-0.000000

0.000000,	0.000000
0.999154,	0.041114
1.804422,	-0.054347
8.581738,	-0.000000

0.000000,	0.000000
0.999042,	0.043773
1.820404,	-0.053500
8.568722,	-0.000000

0.000000,	0.000000
0.998921,	0.046432
1.836383,	-0.052653
8.555705,	-0.000000

0.000000,	0.000000
0.998794,	0.049091
1.852360,	-0.051805
8.542689,	-0.000000

0.000000,	0.000000
0.998660,	0.051749
1.868335,	-0.050958
8.529672,	-0.000000

0.000000,	0.000000
0.998519,	0.054407
1.884308,	-0.050111
8.516655,	-0.000000

0.000000,	0.000000
0.998370,	0.057064
1.900279,	-0.049263
8.503638,	-0.000000

0.000000,	0.000000
0.998215,	0.059722
1.916248,	-0.048416
8.490621,	-0.000000

0.000000,	0.000000
0.998053,	0.062378
1.932215,	-0.047568
8.477604,	-0.000000

0.000000,	0.000000
0.997883,	0.065035
1.948179,	-0.046721
8.464587,	-0.000000

0.000000,	0.000000
0.997706,	0.067691
1.964142,	-0.045873
8.451570,	-0.000000

0.000000,	0.000000
0.997523,	0.070346
1.980103,	-0.045025
8.438553,	-0.000000

0.000000,	0.000000
0.997332,	0.073001
1.996062,	-0.044178
8.425535,	-0.000000

0.000000,	0.000000
0.997134,	0.075655
2.012019,	-0.043330
8.412518,	-0.000000

0.000000,	0.000000
0.996929,	0.078309
2.027975,	-0.042482
8.399500,	-0.000000

0.000000,	0.000000
0.996717,	0.080962
2.043928,	-0.041634
8.386482,	-0.000000

0.000000,	0.000000
0.996498,	0.083615
2.059880,	-0.040786
8.373464,	-0.000000

0.000000,	0.000000
0.996272,	0.086267
2.075830,	-0.039938
8.360446,	-0.000000

0.000000,	0.000000
0.996039,	0.088918
2.091779,	-0.039090
8.347428,	-0.000000

0.000000,	0.000000
0.995799,	0.091569
2.107725,	-0.038242
8.334410,	-0.000000

0.000000,	0.000000
0.995551,	0.094219
2.123671,	-0.037394
8.321392,	-0.000000

0.000000,	0.000000
0.995297,	0.096869
2.139614,	-0.036546
8.308373,	-0.000000

0.000000,	0.000000
0.995036,	0.099518
2.155556,	-0.035698
8.295355,	-0.000000

0.000000,	0.000000
0.994767,	0.102166
2.171496,	-0.034849
8.282336,	-0.000000

0.000000,	0.000000
0.994492,	0.104813
2.187435,	-0.034001
8.269318,	-0.000000

0.000000,	0.000000
0.994209,	0.107460
2.203372,	-0.033153
8.256299,	-0.000000

0.000000,	0.000000
0.993920,	0.110106
2.219308,	-0.032305
8.243280,	-0.000000

0.000000,	0.000000
0.993623,	0.112751
2.235242,	-0.031456
8.230261,	-0.000000

0.000000,	0.000000
0.993320,	0.115395
2.251175,	-0.030608
8.217242,	-0.000000

0.000000,	0.000000
0.993009,	0.118039
2.267106,	-0.029760
8.204223,	-0.000000

0.000000,	0.000000
0.992691,	0.120681
2.283036,	-0.028911
8.191203,	-0.000000

0.000000,	0.000000
0.992367,	0.123323
2.298965,	-0.028063
8.178184,	-0.000000

0.000000,	0.000000
0.992035,	0.125964
2.314892,	-0.027214
8.165164,	-0.000000

0.000000,	0.000000
0.991696,	0.128604
2.330818,	-0.026366
8.152145,	-0.000000

0.000000,	0.000000
0.991350,	0.131243
2.346742,	-0.025518
8.139125,	-0.000000

0.000000,	0.000000
0.990997,	0.133882
2.362666,	-0.024669
8.126105,	-0.000000

0.000000,	0.000000
0.990637,	0.136519
2.378587,	-0.023821
8.113085,	-0.000000

0.000000,	0.000000
0.990271,	0.139155
2.394508,	-0.022972
8.100065,	-0.000000

0.000000,	0.000000
0.989897,	0.141790
2.410427,	-0.022123
8.087045,	-0.000000

0.000000,	0.000000
0.989516,	0.144425
2.426345,	-0.021275
8.074025,	-0.000000

0.000000,	0.000000
0.989128,	0.147058
2.442262,	-0.020426
8.061004,	-0.000000

0.000000,	0.000000
0.988733,	0.149690
2.458178,	-0.019578
8.047984,	-0.000000

0.000000,	0.000000
0.988331,	0.152321
2.474092,	-0.018729
8.034963,	-0.000000

0.000000,	0.000000
0.987922,	0.154952
2.490005,	-0.017881
8.021942,	-0.000000

0.000000,	0.000000
0.987506,	0.157581
2.505917,	-0.017032
8.008922,	-0.000000

0.000000,	0.000000
0.987083,	0.160208
2.521828,	-0.016183
7.995901,	-0.000000

0.000000,	0.000000
0.986653,	0.162835
2.537738,	-0.015335
7.982880,	-0.000000

0.000000,	0.000000
0.986216,	0.165461
2.553647,	-0.014486
7.969858,	-0.000000

0.000000,	0.000000
0.985772,	0.168085
2.569554,	-0.013637
7.956837,	-0.000000

0.000000,	0.000000
0.985322,	0.170708
2.585461,	-0.012789
7.943816,	-0.000000

0.000000,	0.000000
0.984864,	0.173330
2.601366,	-0.011940
7.930794,	-0.000000

0.000000,	0.000000
0.984399,	0.175951
2.617270,	-0.011091
7.917773,	-0.000000

0.000000,	0.000000
0.983927,	0.178571
2.633174,	-0.010243
7.904751,	-0.000000

0.000000,	0.000000
0.983448,	0.181189
2.649076,	-0.009394
7.891729,	-0.000000

0.000000,	0.000000
0.982963,	0.183806
2.664977,	-0.008545
7.878707,	-0.000000

0.000000,	0.000000
0.982470,	0.186422
2.680877,	-0.007696
7.865685,	-0.000000

0.000000,	0.000000
0.981970,	0.189036
2.696776,	-0.006848
7.852663,	-0.000000

0.000000,	0.000000
0.981463,	0.191649
2.712674,	-0.005999
7.839640,	-0.000000

0.000000,	0.000000
0.980950,	0.194261
2.728571,	-0.005150
7.826618,	-0.000000

0.000000,	0.000000
0.980429,	0.196871
2.744468,	-0.004301
7.813595,	-0.000000

0.000000,	0.000000
0.979902,	0.199480
2.760363,	-0.003453
7.800573,	-0.000000

0.000000,	0.000000
0.979367,	0.202088
2.776257,	-0.002604
7.787550,	-0.000000

0.000000,	0.000000
0.978826,	0.204694
2.792150,	-0.001755
7.774527,	-0.000000

0.000000,	0.000000
0.978278,	0.207298
2.808043,	-0.000906
7.761504,	-0.000000

0.000000,	0.000000
0.977723,	0.209901
2.823934,	-0.000058
7.748481,	-0.000000

0.000000,	0.000000
0.977160,	0.212503
2.839825,	-0.000001
7.735458,	-0.000000

0.000000,	0.000000
0.976591,	0.215103
2.855715,	0.000007
7.722434,	-0.000000

0.000000,	0.000000
0.976015,	0.217702
2.871603,	-0.000008
7.709411,	-0.000000

0.000000,	0.000000
0.975432,	0.220299
2.887491,	0.000000
7.696387,	-0.000000

0.000000,	0.000000
0.974843,	0.222894
2.903378,	0.000009
7.683363,	-0.000000

0.000000,	0.000000
0.974246,	0.225488
2.919265,	-0.000007
7.670340,	-0.000000

0.000000,	0.000000
0.973642,	0.228081
2.935150,	0.000001
7.657316,	-0.000000

0.000000,	0.000000
0.973032,	0.230671
2.951035,	0.000010
7.644292,	-0.000000

0.000000,	0.000000
0.972414,	0.233261
2.966918,	-0.000007
7.631267,	-0.000000

0.000000,	0.000000
0.971790,	0.235848
2.982801,	0.000002
7.618243,	-0.000000

0.000000,	0.000000
0.971159,	0.238434
2.998683,	0.000009
7.605219,	-0.000000

0.000000,	0.000000
0.970521,	0.241018
3.014565,	-0.000006
7.592194,	-0.000000

0.000000,	0.000000
0.969876,	0.243600
3.030445,	0.000002
7.579169,	-0.000000

0.000000,	0.000000
0.969224,	0.246181
3.046325,	0.000010
7.566144,	-0.000000

0.000000,	0.000000
0.968565,	0.248760
3.062204,	-0.000007
7.553120,	-0.000000

0.000000,	0.000000
0.967900,	0.251337
3.078082,	0.000002
7.540094,	-0.000000

0.000000,	0.000000
0.967227,	0.253912
3.093959,	0.000010
7.527069,	-0.000000

0.000000,	0.000000
0.966548,	0.256486
3.109836,	-0.000008
7.514044,	-0.000000

0.000000,	0.000000
0.965862,	0.259058
3.125712,	0.000001
7.501018,	-0.000000

0.000000,	0.000000
0.965169,	0.261628
3.141587,	0.000009
7.487993,	-0.000000

0.000000,	0.000000
0.964469,	0.264196
3.157461,	-0.000009
7.474967,	-0.000000

0.000000,	0.000000
0.963762,	0.266762
3.173335,	-0.000001
7.461941,	-0.000000

0.000000,	0.000000
0.963049,	0.269326
3.189208,	0.000008
7.448915,	-0.000000

0.000000,	0.000000
0.962329,	0.271888
3.205081,	-0.000011
7.435889,	-0.000000

0.000000,	0.000000
0.961602,	0.274449
3.220952,	-0.000003
7.422863,	-0.000000

0.000000,	0.000000
0.960868,	0.277007
3.236823,	0.000006
7.409837,	-0.000000

0.000000,	0.000000
0.960127,	0.279564
3.252693,	-0.000001
7.396810,	-0.000000

0.000000,	0.000000
0.959380,	0.282119
3.268563,	-0.000006
7.383784,	-0.000000

0.000000,	0.000000
0.958625,	0.284671
3.284432,	0.000003
7.370757,	-0.000000

0.000000,	0.000000
0.957864,	0.287222
3.300300,	0.000012
7.357730,	-0.000000

0.000000,	0.000000
0.957096,	0.289770
3.316167,	-0.000009
7.344703,	-0.000000

0.000000,	0.000000
0.956322,	0.292317
3.332034,	-0.000000
7.331676,	-0.000000

0.000000,	0.000000
0.955540,	0.294861
3.347901,	0.000008
7.318649,	-0.000000

0.000000,	0.000000
0.954752,	0.297403
3.363766,	-0.000009
7.305621,	-0.000000

0.000000,	0.000000
0.953957,	0.299944
3.379631,	-0.000004
7.292594,	-0.000000

0.000000,	0.000000
0.953155,	0.302482
3.395496,	0.000004
7.279566,	-0.000000

0.000000,	0.000000
0.952347,	0.305018
3.411359,	0.000009
7.266538,	-0.000000

0.000000,	0.000000
0.951531,	0.307551
3.427222,	-0.000009
7.253510,	-0.000000

0.000000,	0.000000
0.950709,	0.310083
3.443085,	-0.000000
7.240482,	-0.000000

0.000000,	0.000000
0.949881,	0.312612
3.458947,	0.000008
7.227454,	-0.000000

0.000000,	0.000000
0.949045,	0.315140
3.474808,	-0.000006
7.214426,	-0.000000

0.000000,	0.000000
0.948203,	0.317665
3.490669,	-0.000006
7.201397,	-0.000000

0.000000,	0.000000
0.947354,	0.320187
3.506529,	0.000003
7.188368,	-0.000000

0.000000,	0.000000
0.946499,	0.322708
3.522388,	0.000012
7.175340,	-0.000000

0.000000,	0.000000
0.945636,	0.325226
3.538247,	-0.000012
7.162311,	-0.000000

0.000000,	0.000000
0.944767,	0.327742
3.554106,	-0.000003
7.149282,	-0.000000

0.000000,	0.000000
0.943892,	0.330255
3.569964,	0.000006
7.136253,	-0.000000

0.000000,	0.000000
0.943009,	0.332766
3.585821,	0.000008
7.123223,	-0.000000

0.000000,	0.000000
0.942120,	0.335275
3.601677,	-0.000010
7.110194,	-0.000000

0.000000,	0.000000
0.941224,	0.337782
3.617534,	-0.000001
7.097164,	-0.000000

0.000000,	0.000000
0.940322,	0.340286
3.633389,	0.000007
7.084134,	-0.000000

0.000000,	0.000000
0.939413,	0.342787
3.649244,	0.000002
7.071105,	-0.000000

0.000000,	0.000000
0.938497,	0.345287
3.665099,	-0.000009
7.058074,	-0.000000

0.000000,	0.000000
0.937575,	0.347783
3.680953,	-0.000000
7.045044,	-0.000000

0.000000,	0.000000
0.936646,	0.350278
3.696806,	0.000009
7.032014,	-0.000000

0.000000,	0.000000
0.935710,	0.352770
3.712659,	-0.000000
7.018984,	-0.000000

0.000000,	0.000000
0.934768,	0.355259
3.728511,	-0.000008
7.005953,	-0.000000

0.000000,	0.000000
0.933819,	0.357746
3.744363,	0.000000
6.992922,	-0.000000

0.000000,	0.000000
0.932864,	0.360230
3.760215,	0.000009
6.979891,	-0.000000

0.000000,	0.000000
0.931901,	0.362712
3.776066,	0.000000
6.966860,	0.000000

0.000000,	0.000000
0.930933,	0.365191
3.791916,	-0.000009
6.953829,	0.000000

0.000000,	0.000000
0.929957,	0.367667
3.807766,	-0.000000
6.940798,	0.000000

0.000000,	0.000000
0.928975,	0.370141
3.823615,	0.000008
6.927766,	0.000000

0.000000,	0.000000
0.927987,	0.372613
3.839464,	0.000004
6.914735,	0.000000

0.000000,	0.000000
0.926992,	0.375081
3.855313,	-0.000010
6.901703,	0.000000

0.000000,	0.000000
0.925990,	0.377547
3.871160,	-0.000002
6.888671,	0.000000

0.000000,	0.000000
0.924982,	0.380011
3.887008,	0.000007
6.875639,	0.000000

0.000000,	0.000000
0.923967,	0.382472
3.902855,	0.000012
6.862607,	0.000000

0.000000,	0.000000
0.922946,	0.384929
3.918701,	-0.000013
6.849574,	0.000000

0.000000,	0.000000
0.921918,	0.387385
3.934547,	-0.000004
6.836542,	0.000000

0.000000,	0.000000
0.920884,	0.389837
3.950393,	0.000005
6.823509,	0.000000

0.000000,	0.000000
0.919843,	0.392287
3.966238,	0.000013
6.810476,	0.000000

0.000000,	0.000000
0.918795,	0.394734
3.982083,	-0.000012
6.797443,	0.000000

0.000000,	0.000000
0.917742,	0.397178
3.997927,	-0.000007
6.784410,	0.000000

0.000000,	0.000000
0.916681,	0.399619
4.013771,	0.000001
6.771377,	0.000000

0.000000,	0.000000
0.915614,	0.402058
4.029614,	0.000010
6.758343,	0.000000

0.000000,	0.000000
0.914541,	0.404494
4.045457,	0.000004
6.745310,	0.000000

0.000000,	0.000000
0.913461,	0.406926
4.061299,	-0.000012
6.732276,	0.000000

0.000000,	0.000000
0.912375,	0.409356
4.077141,	-0.000003
6.719242,	0.000000

0.000000,	0.000000
0.911282,	0.411783
4.092983,	0.000006
6.706208,	0.000000

0.000000,	0.000000
0.910183,	0.414207
4.108824,	0.000014
6.693174,	0.000000

0.000000,	0.000000
0.909077,	0.416629
4.124665,	-0.000012
6.680139,	0.000000

0.000000,	0.000000
0.907965,	0.419047
4.140505,	-0.000008
6.667105,	0.000000

0.000000,	0.000000
0.906846,	0.421462
4.156345,	0.000000
6.654070,	0.000000

0.000000,	0.000000
0.905721,	0.423874
4.172184,	0.000009
6.641035,	0.000000

0.000000,	0.000000
0.904590,	0.426284
4.188023,	0.000012
6.628000,	0.000000

0.000000,	0.000000
0.903452,	0.428690
4.203862,	-0.000015
6.614965,	0.000000

0.000000,	0.000000
0.902308,	0.431093
4.219700,	-0.000006
6.601929,	0.000000

0.000000,	0.000000
0.901157,	0.433493
4.235538,	0.000003
6.588894,	0.000000

0.000000,	0.000000
0.900000,	0.435890
4.251376,	0.000011
6.575858,	0.000000

0.000000,	0.000000
0.898836,	0.438284
4.267213,	0.000005
6.562822,	0.000000

0.000000,	0.000000
0.897667,	0.440675
4.283049,	-0.000013
6.549786,	0.000000

0.000000,	0.000000
0.896491,	0.443063
4.298886,	-0.000005
6.536750,	0.000000

0.000000,	0.000000
0.895308,	0.445447
4.314721,	0.000004
6.523714,	0.000000

0.000000,	0.000000
0.894119,	0.447829
4.330557,	0.000013
6.510677,	0.000000

0.000000,	0.000000
0.892924,	0.450207
4.346392,	0.000003
6.497641,	0.000000

0.000000,	0.000000
0.891723,	0.452582
4.362227,	-0.000013
6.484604,	0.000000

0.000000,	0.000000
0.890515,	0.454954
4.378061,	-0.000005
6.471567,	0.000000

0.000000,	0.000000
0.889301,	0.457323
4.393895,	0.000004
6.458529,	0.000000

0.000000,	0.000000
0.888080,	0.459688
4.409729,	0.000013
6.445492,	0.000000

0.000000,	0.000000
0.886854,	0.462050
4.425562,	0.000006
6.432454,	0.000000

0.000000,	0.000000
0.885621,	0.464409
4.441395,	-0.000015
6.419417,	0.000000

0.000000,	0.000000
0.884381,	0.466765
4.457227,	-0.000006
6.406379,	0.000000

0.000000,	0.000000
0.883136,	0.469117
4.473060,	0.000003
6.393341,	0.000000

0.000000,	0.000000
0.881884,	0.471466
4.488891,	0.000011
6.380303,	0.000000

0.000000,	0.000000
0.880626,	0.473812
4.504723,	0.000014
6.367264,	0.000000

0.000000,	0.000000
0.879362,	0.476154
4.520554,	-0.000017
6.354226,	0.000000

0.000000,	0.000000
0.878091,	0.478493
4.536385,	-0.000009
6.341187,	0.000001

0.000000,	0.000000
0.876815,	0.480829
4.552215,	0.000000
6.328148,	0.000001

0.000000,	0.000000
0.875532,	0.483161
4.568045,	0.000009
6.315109,	0.000001

0.000000,	0.000000
0.874243,	0.485489
4.583875,	0.000017
6.302069,	0.000001

0.000000,	0.000000
0.872947,	0.487815
4.599704,	-0.000008
6.289030,	0.000001

0.000000,	0.000000
0.871646,	0.490136
4.615533,	-0.000012
6.275990,	0.000001

0.000000,	0.000000
0.870338,	0.492455
4.631362,	-0.000004
6.262950,	0.000001

0.000000,	0.000000
0.869024,	0.494770
4.647190,	0.000005
6.249910,	0.000001

0.000000,	0.000000
0.867704,	0.497081
4.663018,	0.000014
6.236870,	0.000001

0.000000,	0.000000
0.866378,	0.499389
4.678846,	0.000011
6.223830,	0.000001

0.000000,	0.000000
0.865046,	0.501693
4.694673,	-0.000018
6.210789,	0.000001

0.000000,	0.000000
0.863707,	0.503994
4.710501,	-0.000009
6.197748,	0.000001

0.000000,	0.000000
0.862363,	0.506291
4.726327,	-0.000000
6.184707,	0.000001

0.000000,	0.000000
0.861012,	0.508584
4.742154,	0.000008
6.171666,	0.000001

0.000000,	0.000000
0.859655,	0.510874
4.757980,	0.000017
6.158625,	0.000001

0.000000,	0.000000
0.858293,	0.513161
4.773806,	0.000001
6.145584,	0.000001

0.000000,	0.000000
0.856924,	0.515443
4.789631,	-0.000016
6.132542,	0.000001

0.000000,	0.000000
0.855549,	0.517722
4.805456,	-0.000007
6.119500,	0.000001

0.000000,	0.000000
0.854168,	0.519998
4.821281,	0.000001
6.106458,	0.000001

0.000000,	0.000000
0.852781,	0.522269
4.837106,	0.000010
6.093416,	0.000001

0.000000,	0.000000
0.851387,	0.524537
4.852930,	0.000019
6.080373,	0.000001

0.000000,	0.000000
0.849988,	0.526802
4.868754,	-0.000003
6.067330,	0.000001

0.000000,	0.000000
0.848583,	0.529062
4.884577,	-0.000016
6.054288,	0.000001

0.000000,	0.000000
0.847172,	0.531319
4.900401,	-0.000007
6.041245,	0.000001

0.000000,	0.000000
0.845755,	0.533572
4.916224,	0.000002
6.028201,	0.000001

0.000000,	0.000000
0.844331,	0.535821
4.932047,	0.000010
6.015158,	0.000001

0.000000,	0.000000
0.842902,	0.538067
4.947869,	0.000019
6.002114,	0.000001

0.000000,	0.000000
0.841467,	0.540308
4.963691,	0.000001
5.989070,	0.000001

0.000000,	0.000000
0.840026,	0.542546
4.979513,	-0.000017
5.976026,	0.000001

0.000000,	0.000000
0.838579,	0.544780
4.995335,	-0.000009
5.962982,	0.000001

0.000000,	0.000000
0.837126,	0.547010
5.011156,	0.000000
5.949938,	0.000001

0.000000,	0.000000
0.835667,	0.549237
5.026977,	0.000009
5.936893,	0.000001

0.000000,	0.000000
0.834202,	0.551459
5.042798,	0.000017
5.923848,	0.000001

0.000000,	0.000000
0.832731,	0.553677
5.058618,	0.000011
5.910803,	0.000001

0.000000,	0.000000
0.831255,	0.555892
5.074438,	-0.000021
5.897758,	0.000001

0.000000,	0.000000
0.829772,	0.558102
5.090258,	-0.000012
5.884713,	0.000001

0.000000,	0.000000
0.828284,	0.560309
5.106078,	-0.000003
5.871667,	0.000001

0.000000,	0.000000
0.826789,	0.562512
5.121897,	0.000005
5.858621,	0.000001

0.000000,	0.000000
0.825289,	0.564710
5.137716,	0.000014
5.845575,	0.000001

0.000000,	0.000000
0.823783,	0.566905
5.153535,	0.000023
5.832529,	0.000001

0.000000,	0.000000
0.822271,	0.569096
5.169354,	-0.000006
5.819482,	0.000001

0.000000,	0.000000
0.820754,	0.571282
5.185172,	-0.000017
5.806436,	0.000001

0.000000,	0.000000
0.819230,	0.573465
5.200990,	-0.000009
5.793389,	0.000001

0.000000,	0.000000
0.817701,	0.575643
5.216808,	0.000000
5.780342,	0.000001

0.000000,	0.000000
0.816166,	0.577818
5.232625,	0.000009
5.767294,	0.000001

0.000000,	0.000000
0.814625,	0.579988
5.248442,	0.000018
5.754247,	0.000001

0.000000,	0.000000
0.813078,	0.582154
5.264259,	0.000021
5.741199,	0.000002

0.000000,	0.000000
0.811526,	0.584317
5.280076,	-0.000014
5.728151,	0.000002

0.000000,	0.000000
0.809968,	0.586474
5.295892,	-0.000016
5.715103,	0.000002

0.000000,	0.000000
0.808404,	0.588628
5.311709,	-0.000007
5.702054,	0.000002

0.000000,	0.000000
0.806834,	0.590778
5.327525,	0.000002
5.689006,	0.000002

0.000000,	0.000000
0.805259,	0.592923
5.343340,	0.000010
5.675957,	0.000002

0.000000,	0.000000
0.803678,	0.595065
5.359156,	0.000019
5.662908,	0.000002

0.000000,	0.000000
0.802091,	0.597202
5.374971,	0.000021
5.649858,	0.000002

0.000000,	0.000000
0.800499,	0.599335
5.390786,	-0.000014
5.636809,	0.000002

0.000000,	0.000000
0.798901,	0.601463
5.406592,	-0.000017
5.623759,	0.000002

0.000000,	0.000000
0.797297,	0.603587
5.405167,	-0.000008
5.610709,	0.000002

0.000000,	0.000000
0.795687,	0.605707
5.403734,	0.000001
5.597659,	0.000002

0.000000,	0.000000
0.794072,	0.607823
5.402300,	0.000010
5.584609,	0.000002

0.000000,	0.000000
0.792452,	0.609935
5.400866,	0.000018
5.571558,	0.000002

0.000000,	0.000000
0.790826,	0.612042
5.399432,	0.000027
5.558507,	0.000002

0.000000,	0.000000
0.789194,	0.614144
5.397998,	-0.000008
5.545456,	0.000002

0.000000,	0.000000
0.787556,	0.616243
5.396563,	-0.000018
5.532405,	0.000002

0.000000,	0.000000
0.785913,	0.618337
5.395128,	-0.000010
5.519353,	0.000002

0.000000,	0.000000
0.784265,	0.620427
5.393693,	-0.000001
5.506301,	0.000002

0.000000,	0.000000
0.782610,	0.622512
5.392257,	0.000008
5.493249,	0.000002

0.000000,	0.000000
0.780951,	0.624593
5.390822,	0.000017
5.480197,	0.000002

0.000000,	0.000000
0.779285,	0.626669
5.389386,	0.000025
5.467144,	0.000002

0.000000,	0.000000
0.777615,	0.628741
5.387950,	0.000003
5.454092,	0.000002

0.000000,	0.000000
0.775938,	0.630809
5.386513,	-0.000021
5.441039,	0.000002

0.000000,	0.000000
0.774257,	0.632872
5.385077,	-0.000012
5.427985,	0.000002

0.000000,	0.000000
0.772569,	0.634930
5.383640,	-0.000004
5.414932,	0.000002

0.000000,	0.000000
0.770877,	0.636984
5.382203,	0.000005
5.401878,	0.000002

0.000000,	0.000000
0.769178,	0.639034
5.380765,	0.000014
5.388824,	0.000003

