0.000000,	0.000000
0.726544,	0.687120
1.713122,	0.000092
1.713122,	0.000014

0.000000,	0.000000
0.726178,	0.687507
1.707814,	0.000170
1.707814,	-0.000063

0.000000,	0.000000
0.725812,	0.687893
1.702506,	0.000247
1.702506,	-0.000141

0.000000,	0.000000
0.725446,	0.688280
1.697197,	0.000325
1.697197,	-0.000219

0.000000,	0.000000
0.725079,	0.688666
1.691889,	0.000402
1.691889,	-0.000297

0.000000,	0.000000
0.724712,	0.689052
1.686580,	0.000480
1.686580,	-0.000375

0.000000,	0.000000
0.724345,	0.689437
1.681271,	0.000557
1.681271,	-0.000452

0.000000,	0.000000
0.723978,	0.689823
1.675962,	0.000635
1.675962,	-0.000530

0.000000,	0.000000
0.723611,	0.690208
1.670653,	0.000712
1.670653,	-0.000608

0.000000,	0.000000
0.723243,	0.690593
1.665344,	0.000790
1.665344,	-0.000686

0.000000,	0.000000
0.722876,	0.690978
1.660035,	0.000867
1.660035,	-0.000764

0.000000,	0.000000
0.722508,	0.691363
1.654726,	0.000945
1.654726,	-0.000841

0.000000,	0.000000
0.722140,	0.691747
1.649416,	0.001022
1.649416,	-0.000919

0.000000,	0.000000
0.721771,	0.692132
1.644107,	0.001100
1.644107,	-0.000997

0.000000,	0.000000
0.721403,	0.692516
1.638797,	0.001177
1.638797,	-0.001075

0.000000,	0.000000
0.721034,	0.692900
1.633488,	0.001255
1.633488,	-0.001152

0.000000,	0.000000
0.720665,	0.693283
1.628178,	0.001332
1.628178,	-0.001230

0.000000,	0.000000
0.720296,	0.693667
1.622868,	0.001410
1.622868,	-0.001308

0.000000,	0.000000
0.719926,	0.694050
1.617558,	0.001487
1.617558,	-0.001386

0.000000,	0.000000
0.719557,	0.694433
1.612248,	0.001565
1.612248,	-0.001464

0.000000,	0.000000
0.719187,	0.694816
1.606937,	0.001642
1.606937,	-0.001541

0.000000,	0.000000
0.718817,	0.695199
1.601627,	0.001720
1.601627,	-0.001619

0.000000,	0.000000
0.718447,	0.695582
1.596316,	0.001797
1.596317,	-0.001697

0.000000,	0.000000
0.718077,	0.695964
1.591006,	0.001875
1.591006,	-0.001775

0.000000,	0.000000
0.717706,	0.696346
1.585695,	0.001952
1.585695,	-0.001852

0.000000,	0.000000
0.717335,	0.696728
1.580384,	0.002030
1.580384,	-0.001930

0.000000,	0.000000
0.716964,	0.697110
1.575073,	0.002107
1.575073,	-0.002008

0.000000,	0.000000
0.716593,	0.697492
1.569762,	0.002185
1.569762,	-0.002086

0.000000,	0.000000
0.716222,	0.697873
1.564451,	0.002262
1.564451,	-0.002163

0.000000,	0.000000
0.715850,	0.698254
1.559140,	0.002340
1.559140,	-0.002241

0.000000,	0.000000
0.715478,	0.698635
1.553828,	0.002417
1.553829,	-0.002319

0.000000,	0.000000
0.715106,	0.699016
1.548517,	0.002495
1.548517,	-0.002397

0.000000,	0.000000
0.714734,	0.699396
1.543205,	0.002572
1.543205,	-0.002475

0.000000,	0.000000
0.714362,	0.699777
1.537893,	0.002650
1.537894,	-0.002552

0.000000,	0.000000
0.713989,	0.700157
1.532582,	0.002727
1.532582,	-0.002630

0.000000,	0.000000
0.713616,	0.700537
1.527270,	0.002805
1.527270,	-0.002708

0.000000,	0.000000
0.713243,	0.700917
1.521957,	0.002883
1.521958,	-0.002785

0.000000,	0.000000
0.712870,	0.701296
1.516645,	0.002960
1.516645,	-0.002863

0.000000,	0.000000
0.712496,	0.701676
1.511333,	0.003038
1.511333,	-0.002941

0.000000,	0.000000
0.712123,	0.702055
1.506020,	0.003115
1.506021,	-0.003019

0.000000,	0.000000
0.711749,	0.702434
1.500708,	0.003193
1.500708,	-0.003096

0.000000,	0.000000
0.711375,	0.702813
1.495395,	0.003270
1.495395,	-0.003174

0.000000,	0.000000
0.711001,	0.703191
1.490082,	0.003348
1.490082,	-0.003252

0.000000,	0.000000
0.710626,	0.703570
1.484769,	0.003425
1.484769,	-0.003330

0.000000,	0.000000
0.710252,	0.703948
1.479456,	0.003503
1.479456,	-0.003407

0.000000,	0.000000
0.709877,	0.704326
1.474143,	0.003580
1.474143,	-0.003485

0.000000,	0.000000
0.709502,	0.704704
1.468829,	0.003658
1.468829,	-0.003563

0.000000,	0.000000
0.709126,	0.705081
1.463516,	0.003735
1.463516,	-0.003641

0.000000,	0.000000
0.708751,	0.705459
1.458202,	0.003813
1.458202,	-0.003718

0.000000,	0.000000
0.708375,	0.705836
1.452888,	0.003891
1.452888,	-0.003796

0.000000,	0.000000
0.708000,	0.706213
1.447574,	0.003968
1.447575,	-0.003874

0.000000,	0.000000
0.707624,	0.706590
1.442260,	0.004046
1.442260,	-0.003951

0.000000,	0.000000
0.707247,	0.706966
1.436946,	0.004123
1.436946,	-0.004029

0.000000,	0.000000
0.706871,	0.707343
1.431632,	0.004201
1.431632,	-0.004107

0.000000,	0.000000
0.706494,	0.707719
1.426317,	0.004278
1.426317,	-0.004184

0.000000,	0.000000
0.706117,	0.708095
1.421002,	0.004356
1.421003,	-0.004262

0.000000,	0.000000
0.705740,	0.708471
1.415688,	0.004433
1.415688,	-0.004340

0.000000,	0.000000
0.705363,	0.708846
1.410373,	0.004511
1.410373,	-0.004418

0.000000,	0.000000
0.704986,	0.709222
1.405058,	0.004589
1.405058,	-0.004495

0.000000,	0.000000
0.704608,	0.709597
1.399743,	0.004666
1.399743,	-0.004573

0.000000,	0.000000
0.704230,	0.709972
1.394427,	0.004744
1.394428,	-0.004651

0.000000,	0.000000
0.703852,	0.710347
1.389112,	0.004821
1.389112,	-0.004728

0.000000,	0.000000
0.703474,	0.710721
1.383796,	0.004899
1.383796,	-0.004806

0.000000,	0.000000
0.703095,	0.711096
1.378480,	0.004977
1.378481,	-0.004884

0.000000,	0.000000
0.702717,	0.711470
1.373164,	0.005054
1.373165,	-0.004961

0.000000,	0.000000
0.702338,	0.711844
1.367848,	0.005132
1.367849,	-0.005039

0.000000,	0.000000
0.701959,	0.712218
1.362532,	0.005209
1.362532,	-0.005117

0.000000,	0.000000
0.701580,	0.712591
1.357216,	0.005287
1.357216,	-0.005194

0.000000,	0.000000
0.701200,	0.712964
1.351899,	0.005364
1.351899,	-0.005272

0.000000,	0.000000
0.700820,	0.713338
1.346582,	0.005442
1.346583,	-0.005350

0.000000,	0.000000
0.700441,	0.713711
1.341265,	0.005520
1.341266,	-0.005427

0.000000,	0.000000
0.700061,	0.714083
1.335948,	0.005597
1.335949,	-0.005505

0.000000,	0.000000
0.699680,	0.714456
1.330631,	0.005675
1.330632,	-0.005583

0.000000,	0.000000
0.699300,	0.714828
1.325314,	0.005752
1.325314,	-0.005660

0.000000,	0.000000
0.698919,	0.715201
1.319996,	0.005830
1.319997,	-0.005738

0.000000,	0.000000
0.698538,	0.715572
1.314679,	0.005908
1.314679,	-0.005815

0.000000,	0.000000
0.698157,	0.715944
1.309361,	0.005985
1.309361,	-0.005893

0.000000,	0.000000
0.697776,	0.716316
1.304043,	0.006063
1.304043,	-0.005971

0.000000,	0.000000
0.697395,	0.716687
1.298725,	0.006140
1.298725,	-0.006048

0.000000,	0.000000
0.697013,	0.717058
1.293406,	0.006218
1.293407,	-0.006126

0.000000,	0.000000
0.696631,	0.717429
1.288088,	0.006296
1.288088,	-0.006204

0.000000,	0.000000
0.696249,	0.717800
1.282769,	0.006373
1.282770,	-0.006281

0.000000,	0.000000
0.695867,	0.718171
1.277450,	0.006451
1.277451,	-0.006359

0.000000,	0.000000
0.695485,	0.718541
1.272131,	0.006529
1.272132,	-0.006436

0.000000,	0.000000
0.695102,	0.718911
1.266812,	0.006606
1.266813,	-0.006514

0.000000,	0.000000
0.694719,	0.719281
1.261493,	0.006684
1.261493,	-0.006592

0.000000,	0.000000
0.694336,	0.719651
1.256173,	0.006761
1.256174,	-0.006669

0.000000,	0.000000
0.693953,	0.720020
1.250853,	0.006839
1.250854,	-0.006747

0.000000,	0.000000
0.693570,	0.720389
1.245533,	0.006917
1.245534,	-0.006824

0.000000,	0.000000
0.693186,	0.720759
1.240213,	0.006994
1.240214,	-0.006902

0.000000,	0.000000
0.692802,	0.721128
1.234893,	0.007072
1.234894,	-0.006979

0.000000,	0.000000
0.692418,	0.721496
1.229573,	0.007150
1.229573,	-0.007057

0.000000,	0.000000
0.692034,	0.721865
1.224252,	0.007227
1.224252,	-0.007135

0.000000,	0.000000
0.691650,	0.722233
1.218931,	0.007305
1.218932,	-0.007212

0.000000,	0.000000
0.691265,	0.722601
1.213610,	0.007383
1.213611,	-0.007290

0.000000,	0.000000
0.690880,	0.722969
1.208289,	0.007460
1.208289,	-0.007367

0.000000,	0.000000
0.690496,	0.723337
1.202967,	0.007538
1.202968,	-0.007445

0.000000,	0.000000
0.690110,	0.723704
1.197646,	0.007616
1.197646,	-0.007522

0.000000,	0.000000
0.689725,	0.724071
1.192324,	0.007693
1.192324,	-0.007600

0.000000,	0.000000
0.689339,	0.724438
1.187002,	0.007771
1.187002,	-0.007677

0.000000,	0.000000
0.688954,	0.724805
1.181680,	0.007849
1.181680,	-0.007755

0.000000,	0.000000
0.688568,	0.725172
1.176357,	0.007926
1.176358,	-0.007832

0.000000,	0.000000
0.688182,	0.725538
1.171034,	0.008004
1.171035,	-0.007910

0.000000,	0.000000
0.687795,	0.725905
1.165712,	0.008082
1.165712,	-0.007987

0.000000,	0.000000
0.687409,	0.726271
1.160389,	0.008159
1.160389,	-0.008065

0.000000,	0.000000
0.687022,	0.726637
1.155065,	0.008237
1.155066,	-0.008142

0.000000,	0.000000
0.686635,	0.727002
1.149742,	0.008315
1.149742,	-0.008220

0.000000,	0.000000
0.686248,	0.727368
1.144418,	0.008392
1.144419,	-0.008297

0.000000,	0.000000
0.685861,	0.727733
1.139094,	0.008470
1.139095,	-0.008375

0.000000,	0.000000
0.685473,	0.728098
1.133770,	0.008548
1.133771,	-0.008452

0.000000,	0.000000
0.685086,	0.728463
1.128446,	0.008625
1.128446,	-0.008530

0.000000,	0.000000
0.684698,	0.728827
1.123121,	0.008703
1.123122,	-0.008607

0.000000,	0.000000
0.684310,	0.729192
1.117796,	0.008781
1.117797,	-0.008685

0.000000,	0.000000
0.683921,	0.729556
1.112471,	0.008858
1.112472,	-0.008762

0.000000,	0.000000
0.683533,	0.729920
1.107146,	0.008936
1.107147,	-0.008840

0.000000,	0.000000
0.683144,	0.730284
1.101821,	0.009014
1.101821,	-0.008917

0.000000,	0.000000
0.682755,	0.730647
1.096495,	0.009092
1.096496,	-0.008995

0.000000,	0.000000
0.682366,	0.731010
1.091169,	0.009169
1.091170,	-0.009072

0.000000,	0.000000
0.681977,	0.731374
1.085843,	0.009247
1.085843,	-0.009149

0.000000,	0.000000
0.681588,	0.731737
1.080516,	0.009325
1.080517,	-0.009227

0.000000,	0.000000
0.681198,	0.732099
1.075190,	0.009402
1.075190,	-0.009304

0.000000,	0.000000
0.680808,	0.732462
1.069863,	0.009480
1.069863,	-0.009382

0.000000,	0.000000
0.680418,	0.732824
1.064535,	0.009558
1.064536,	-0.009459

0.000000,	0.000000
0.680028,	0.733186
1.059208,	0.009636
1.059209,	-0.009537

0.000000,	0.000000
0.679638,	0.733548
1.053880,	0.009713
1.053881,	-0.009614

0.000000,	0.000000
0.679247,	0.733910
1.048552,	0.009791
1.048553,	-0.009691

0.000000,	0.000000
0.678856,	0.734271
1.043224,	0.009869
1.043225,	-0.009769

0.000000,	0.000000
0.678465,	0.734633
1.037896,	0.009946
1.037897,	-0.009846

0.000000,	0.000000
0.678074,	0.734994
1.032567,	0.010024
1.032568,	-0.009923

0.000000,	0.000000
0.677683,	0.735355
1.027238,	0.010102
1.027239,	-0.010001

0.000000,	0.000000
0.677291,	0.735715
1.021909,	0.010180
1.021910,	-0.010078

0.000000,	0.000000
0.676899,	0.736076
1.016579,	0.010257
1.016580,	-0.010155

0.000000,	0.000000
0.676507,	0.736436
1.011250,	0.010335
1.011250,	-0.010233

0.000000,	0.000000
0.676115,	0.736796
1.005919,	0.010413
1.005920,	-0.010310

0.000000,	0.000000
0.675723,	0.737156
1.000589,	0.010491
1.000590,	-0.010387

0.000000,	0.000000
0.675330,	0.737515
0.995258,	0.010568
0.995259,	-0.010465

0.000000,	0.000000
0.674938,	0.737875
0.989928,	0.010646
0.989929,	-0.010542

0.000000,	0.000000
0.674545,	0.738234
0.984596,	0.010724
0.984597,	-0.010619

0.000000,	0.000000
0.674152,	0.738593
0.979265,	0.010802
0.979266,	-0.010697

0.000000,	0.000000
0.673758,	0.738952
0.973933,	0.010879
0.973934,	-0.010774

0.000000,	0.000000
0.673365,	0.739310
0.968601,	0.010957
0.968602,	-0.010851

0.000000,	0.000000
0.672971,	0.739669
0.963269,	0.011035
0.963270,	-0.010928

0.000000,	0.000000
0.672577,	0.740027
0.957936,	0.011113
0.957937,	-0.011006

0.000000,	0.000000
0.672183,	0.740385
0.952603,	0.011190
0.952604,	-0.011083

0.000000,	0.000000
0.671789,	0.740742
0.947270,	0.011268
0.947271,	-0.011160

0.000000,	0.000000
0.671395,	0.741100
0.941936,	0.011346
0.941937,	-0.011237

0.000000,	0.000000
0.671000,	0.741457
0.936602,	0.011424
0.936603,	-0.011315

0.000000,	0.000000
0.670605,	0.741814
0.931268,	0.011501
0.931269,	-0.011392

0.000000,	0.000000
0.670210,	0.742171
0.925933,	0.011579
0.925934,	-0.011469

0.000000,	0.000000
0.669815,	0.742528
0.920598,	0.011657
0.920599,	-0.011546

0.000000,	0.000000
0.669420,	0.742884
0.915263,	0.011735
0.915264,	-0.011623

0.000000,	0.000000
0.669024,	0.743241
0.909927,	0.011813
0.909929,	-0.011700

0.000000,	0.000000
0.668629,	0.743597
0.904591,	0.011890
0.904593,	-0.011778

0.000000,	0.000000
0.668233,	0.743952
0.899255,	0.011968
0.899256,	-0.011855

0.000000,	0.000000
0.667836,	0.744308
0.893919,	0.012046
0.893920,	-0.011932

0.000000,	0.000000
0.667440,	0.744663
0.888582,	0.012124
0.888583,	-0.012009

0.000000,	0.000000
0.667044,	0.745019
0.883244,	0.012201
0.883246,	-0.012086

0.000000,	0.000000
0.666647,	0.745374
0.877907,	0.012279
0.877908,	-0.012163

0.000000,	0.000000
0.666250,	0.745728
0.872569,	0.012357
0.872570,	-0.012240

0.000000,	0.000000
0.665853,	0.746083
0.867230,	0.012435
0.867231,	-0.012317

0.000000,	0.000000
0.665456,	0.746437
0.861891,	0.012513
0.861893,	-0.012395

0.000000,	0.000000
0.665058,	0.746792
0.856552,	0.012590
0.856554,	-0.012472

0.000000,	0.000000
0.664661,	0.747145
0.851213,	0.012668
0.851214,	-0.012549

0.000000,	0.000000
0.664263,	0.747499
0.845873,	0.012746
0.845874,	-0.012626

0.000000,	0.000000
0.663865,	0.747853
0.840532,	0.012824
0.840534,	-0.012703

0.000000,	0.000000
0.663467,	0.748206
0.835191,	0.012901
0.835193,	-0.012780

0.000000,	0.000000
0.663068,	0.748559
0.829850,	0.012979
0.829852,	-0.012857

0.000000,	0.000000
0.662670,	0.748912
0.824509,	0.013057
0.824510,	-0.012934

0.000000,	0.000000
0.662271,	0.749265
0.819167,	0.013135
0.819168,	-0.013011

0.000000,	0.000000
0.661872,	0.749617
0.813824,	0.013213
0.813826,	-0.013088

0.000000,	0.000000
0.661473,	0.749969
0.808482,	0.013290
0.808483,	-0.013165

0.000000,	0.000000
0.661073,	0.750321
0.803138,	0.013368
0.803140,	-0.013242

0.000000,	0.000000
0.660674,	0.750673
0.797795,	0.013446
0.797796,	-0.013319

0.000000,	0.000000
0.660274,	0.751025
0.792451,	0.013524
0.792452,	-0.013396

0.000000,	0.000000
0.659874,	0.751376
0.787106,	0.013601
0.787108,	-0.013472

0.000000,	0.000000
0.659474,	0.751727
0.781761,	0.013679
0.781763,	-0.013549

0.000000,	0.000000
0.659074,	0.752078
0.776415,	0.013757
0.776417,	-0.013626

0.000000,	0.000000
0.658673,	0.752429
0.771069,	0.013835
0.771071,	-0.013703

0.000000,	0.000000
0.658273,	0.752779
0.765723,	0.013913
0.765725,	-0.013780

0.000000,	0.000000
0.657872,	0.753130
0.760376,	0.013990
0.760378,	-0.013857

0.000000,	0.000000
0.657471,	0.753480
0.755029,	0.014068
0.755031,	-0.013934

0.000000,	0.000000
0.657070,	0.753830
0.749681,	0.014146
0.749683,	-0.014010

0.000000,	0.000000
0.656668,	0.754179
0.744332,	0.014224
0.744334,	-0.014087

0.000000,	0.000000
0.656267,	0.754529
0.738984,	0.014301
0.738985,	-0.014164

0.000000,	0.000000
0.655865,	0.754878
0.733634,	0.014379
0.733636,	-0.014241

0.000000,	0.000000
0.655463,	0.755227
0.728284,	0.014457
0.728286,	-0.014318

0.000000,	0.000000
0.655061,	0.755576
0.722934,	0.014535
0.722936,	-0.014394

0.000000,	0.000000
0.654659,	0.755925
0.717583,	0.014612
0.717585,	-0.014471

0.000000,	0.000000
0.654256,	0.756273
0.712231,	0.014690
0.712233,	-0.014548

0.000000,	0.000000
0.653853,	0.756621
0.706879,	0.014768
0.706881,	-0.014624

0.000000,	0.000000
0.653451,	0.756969
0.701527,	0.014845
0.701529,	-0.014701

0.000000,	0.000000
0.653048,	0.757317
0.696173,	0.014923
0.696175,	-0.014778

0.000000,	0.000000
0.652644,	0.757664
0.690819,	0.015001
0.690822,	-0.014854

0.000000,	0.000000
0.652241,	0.758012
0.685465,	0.015079
0.685467,	-0.014931

0.000000,	0.000000
0.651837,	0.758359
0.680110,	0.015156
0.680112,	-0.015008

0.000000,	0.000000
0.651433,	0.758706
0.674755,	0.015234
0.674757,	-0.015084

0.000000,	0.000000
0.651029,	0.759052
0.669398,	0.015312
0.669400,	-0.015161

0.000000,	0.000000
0.650625,	0.759399
0.664041,	0.015389
0.664044,	-0.015237

0.000000,	0.000000
0.650221,	0.759745
0.658684,	0.015467
0.658686,	-0.015314

0.000000,	0.000000
0.649816,	0.760091
0.653326,	0.015545
0.653328,	-0.015390

0.000000,	0.000000
0.649412,	0.760437
0.647967,	0.015622
0.647969,	-0.015467

0.000000,	0.000000
0.649007,	0.760783
0.642608,	0.015700
0.642610,	-0.015543

0.000000,	0.000000
0.648602,	0.761128
0.637248,	0.015777
0.637250,	-0.015620

0.000000,	0.000000
0.648196,	0.761473
0.631887,	0.015855
0.631889,	-0.015696

0.000000,	0.000000
0.647791,	0.761818
0.626525,	0.015933
0.626527,	-0.015772

0.000000,	0.000000
0.647385,	0.762163
0.621163,	0.016010
0.621165,	-0.015849

0.000000,	0.000000
0.646980,	0.762507
0.615800,	0.016088
0.615802,	-0.015925

0.000000,	0.000000
0.646574,	0.762852
0.610436,	0.016165
0.610439,	-0.016001

0.000000,	0.000000
0.646167,	0.763196
0.605072,	0.016243
0.605074,	-0.016078

0.000000,	0.000000
0.645761,	0.763540
0.599707,	0.016320
0.599709,	-0.016154

0.000000,	0.000000
0.645354,	0.763883
0.594341,	0.016398
0.594343,	-0.016230

0.000000,	0.000000
0.644948,	0.764227
0.588974,	0.016475
0.588976,	-0.016306

0.000000,	0.000000
0.644541,	0.764570
0.583606,	0.016553
0.583609,	-0.016383

0.000000,	0.000000
0.644134,	0.764913
0.578238,	0.016630
0.578240,	-0.016459

0.000000,	0.000000
0.643726,	0.765256
0.572869,	0.016708
0.572871,	-0.016535

0.000000,	0.000000
0.643319,	0.765598
0.567499,	0.016785
0.567501,	-0.016611

0.000000,	0.000000
0.642911,	0.765941
0.562128,	0.016863
0.562130,	-0.016687

0.000000,	0.000000
0.642503,	0.766283
0.556756,	0.016940
0.556758,	-0.016763

0.000000,	0.000000
0.642095,	0.766625
0.551383,	0.017018
0.551386,	-0.016839

0.000000,	0.000000
0.641687,	0.766966
0.546009,	0.017095
0.546012,	-0.016915

0.000000,	0.000000
0.641279,	0.767308
0.540635,	0.017172
0.540637,	-0.016991

0.000000,	0.000000
0.640870,	0.767649
0.535259,	0.017249
0.535262,	-0.017067

0.000000,	0.000000
0.640462,	0.767990
0.529883,	0.017327
0.529885,	-0.017143

0.000000,	0.000000
0.640053,	0.768331
0.524505,	0.017404
0.524508,	-0.017218

0.000000,	0.000000
0.639643,	0.768672
0.519126,	0.017481
0.519129,	-0.017294

0.000000,	0.000000
0.639234,	0.769012
0.513747,	0.017558
0.513749,	-0.017370

0.000000,	0.000000
0.638825,	0.769352
0.508366,	0.017636
0.508369,	-0.017446

0.000000,	0.000000
0.638415,	0.769692
0.502984,	0.017713
0.502987,	-0.017521

0.000000,	0.000000
0.638005,	0.770032
0.497601,	0.017790
0.497604,	-0.017597

0.000000,	0.000000
0.637595,	0.770372
0.492217,	0.017867
0.492220,	-0.017672

0.000000,	0.000000
0.637185,	0.770711
0.486832,	0.017944
0.486835,	-0.017748

0.000000,	0.000000
0.636775,	0.771050
0.481446,	0.018021
0.481449,	-0.017823

0.000000,	0.000000
0.636364,	0.771389
0.476058,	0.018098
0.476061,	-0.017899

0.000000,	0.000000
0.635953,	0.771727
0.470670,	0.018175
0.470673,	-0.017974

0.000000,	0.000000
0.635542,	0.772066
0.465280,	0.018252
0.465283,	-0.018050

0.000000,	0.000000
0.635131,	0.772404
0.459888,	0.018328
0.459891,	-0.018125

0.000000,	0.000000
0.634720,	0.772742
0.454496,	0.018405
0.454499,	-0.018200

0.000000,	0.000000
0.634309,	0.773080
0.449102,	0.018482
0.449105,	-0.018275

0.000000,	0.000000
0.633897,	0.773417
0.443706,	0.018559
0.443709,	-0.018350

0.000000,	0.000000
0.633485,	0.773755
0.438310,	0.018635
0.438313,	-0.018425

0.000000,	0.000000
0.633073,	0.774092
0.432911,	0.018712
0.432914,	-0.018500

0.000000,	0.000000
0.632661,	0.774429
0.427512,	0.018788
0.427515,	-0.018575

0.000000,	0.000000
0.632249,	0.774765
0.422110,	0.018865
0.422113,	-0.018650

0.000000,	0.000000
0.631836,	0.775102
0.416707,	0.018941
0.416710,	-0.018725

0.000000,	0.000000
0.631423,	0.775438
0.411303,	0.019017
0.411306,	-0.018799

0.000000,	0.000000
0.631011,	0.775774
0.405897,	0.019094
0.405900,	-0.018874

0.000000,	0.000000
0.630598,	0.776110
0.400489,	0.019170
0.400492,	-0.018948

0.000000,	0.000000
0.630184,	0.776446
0.395079,	0.019246
0.395083,	-0.019023

0.000000,	0.000000
0.629771,	0.776781
0.389668,	0.019322
0.389671,	-0.019097

0.000000,	0.000000
0.629357,	0.777116
0.384255,	0.019398
0.384258,	-0.019171

0.000000,	0.000000
0.628943,	0.777451
0.378840,	0.019474
0.378843,	-0.019245

0.000000,	0.000000
0.628530,	0.777786
0.373423,	0.019549
0.373426,	-0.019319

0.000000,	0.000000
0.628115,	0.778120
0.368004,	0.019625
0.368007,	-0.019393

0.000000,	0.000000
0.627701,	0.778454
0.362583,	0.019700
0.362586,	-0.019467

0.000000,	0.000000
0.627287,	0.778789
0.357160,	0.019776
0.357163,	-0.019541

0.000000,	0.000000
0.626872,	0.779122
0.351734,	0.019851
0.351737,	-0.019614

0.000000,	0.000000
0.626457,	0.779456
0.346307,	0.019926
0.346310,	-0.019688

0.000000,	0.000000
0.626042,	0.779789
0.340877,	0.020001
0.340880,	-0.019761

0.000000,	0.000000
0.625627,	0.780122
0.335444,	0.020076
0.335447,	-0.019834

0.000000,	0.000000
0.625211,	0.780455
0.330009,	0.020151
0.330013,	-0.019907

0.000000,	0.000000
0.624796,	0.780788
0.324572,	0.020226
0.324575,	-0.019980

0.000000,	0.000000
0.624380,	0.781121
0.319132,	0.020300
0.319135,	-0.020053

0.000000,	0.000000
0.623964,	0.781453
0.313689,	0.020374
0.313692,	-0.020125

0.000000,	0.000000
0.623548,	0.781785
0.308243,	0.020449
0.308247,	-0.020197

0.000000,	0.000000
0.623132,	0.782117
0.302795,	0.020522
0.302798,	-0.020270

0.000000,	0.000000
0.622715,	0.782448
0.297343,	0.020596
0.297347,	-0.020341

0.000000,	0.000000
0.622299,	0.782780
0.291889,	0.020670
0.291892,	-0.020413

0.000000,	0.000000
0.621882,	0.783111
0.286431,	0.020743
0.286434,	-0.020485

0.000000,	0.000000
0.621465,	0.783442
0.280969,	0.020816
0.280972,	-0.020556

0.000000,	0.000000
0.621048,	0.783773
0.275504,	0.020889
0.275507,	-0.020627

0.000000,	0.000000
0.620631,	0.784103
0.270036,	0.020961
0.270039,	-0.020697

0.000000,	0.000000
0.620213,	0.784433
0.264563,	0.021033
0.264567,	-0.020768

0.000000,	0.000000
0.619795,	0.784763
0.259087,	0.021105
0.259090,	-0.020838

0.000000,	0.000000
0.619378,	0.785093
0.253606,	0.021177
0.253610,	-0.020907

0.000000,	0.000000
0.618960,	0.785423
0.248122,	0.021248
0.248125,	-0.020977

0.000000,	0.000000
0.618541,	0.785752
0.242632,	0.021319
0.242635,	-0.021046

0.000000,	0.000000
0.618123,	0.786081
0.237138,	0.021389
0.237141,	-0.021114

0.000000,	0.000000
0.617704,	0.786410
0.231639,	0.021459
0.231642,	-0.021182

0.000000,	0.000000
0.617286,	0.786739
0.226135,	0.021529
0.226138,	-0.021250

0.000000,	0.000000
0.616867,	0.787068
0.220625,	0.021598
0.220629,	-0.021317

0.000000,	0.000000
0.616448,	0.787396
0.215110,	0.021666
0.215113,	-0.021384

0.000000,	0.000000
0.616029,	0.787724
0.209589,	0.021734
0.209592,	-0.021450

0.000000,	0.000000
0.615609,	0.788052
0.204062,	0.021801
0.204065,	-0.021515

0.000000,	0.000000
0.615189,	0.788379
0.198527,	0.021868
0.198531,	-0.021580

0.000000,	0.000000
0.614770,	0.788707
0.192986,	0.021933
0.192989,	-0.021643

0.000000,	0.000000
0.614350,	0.789034
0.187438,	0.021998
0.187441,	-0.021706

0.000000,	0.000000
0.613930,	0.789361
0.181881,	0.022062
0.181885,	-0.021769

0.000000,	0.000000
0.613509,	0.789687
0.176317,	0.022125
0.176320,	-0.021830

0.000000,	0.000000
0.613089,	0.790014
0.170743,	0.022187
0.170746,	-0.021890

0.000000,	0.000000
0.612668,	0.790340
0.165161,	0.022248
0.165164,	-0.021948

0.000000,	0.000000
0.612247,	0.790666
0.159568,	0.022307
0.159571,	-0.022006

0.000000,	0.000000
0.611826,	0.790992
0.153964,	0.022365
0.153967,	-0.022062

0.000000,	0.000000
0.611405,	0.791318
0.148349,	0.022421
0.148352,	-0.022116

0.000000,	0.000000
0.610984,	0.791643
0.142722,	0.022475
0.142724,	-0.022169

0.000000,	0.000000
0.610562,	0.791968
0.137081,	0.022528
0.137084,	-0.022219

0.000000,	0.000000
0.610141,	0.792293
0.131426,	0.022577
0.131429,	-0.022267

0.000000,	0.000000
0.609719,	0.792618
0.125756,	0.022624
0.125758,	-0.022313

0.000000,	0.000000
0.609297,	0.792942
0.120068,	0.022669
0.120070,	-0.022355

0.000000,	0.000000
0.608875,	0.793266
0.114362,	0.022709
0.114364,	-0.022394

0.000000,	0.000000
0.608452,	0.793590
0.108636,	0.022746
0.108638,	-0.022429

0.000000,	0.000000
0.608030,	0.793914
0.102887,	0.022778
0.102889,	-0.022459

0.000000,	0.000000
0.607607,	0.794238
0.097114,	0.022804
0.097115,	-0.022484

0.000000,	0.000000
0.607184,	0.794561
0.091313,	0.022824
0.091314,	-0.022503

0.000000,	0.000000
0.606761,	0.794884
0.085482,	0.022836
0.085482,	-0.022514

0.000000,	0.000000
0.606338,	0.795207
0.079616,	0.022839
0.079615,	-0.022515

0.000000,	0.000000
0.605914,	0.795530
0.073710,	0.022831
0.073709,	-0.022506

0.000000,	0.000000
0.605491,	0.795852
0.067759,	0.022809
0.067758,	-0.022483

0.000000,	0.000000
0.605067,	0.796174
0.061756,	0.022769
0.061754,	-0.022442

0.000000,	0.000000
0.604643,	0.796496
0.055692,	0.022706
0.055688,	-0.022379

0.000000,	0.000000
0.604219,	0.796818
0.049556,	0.022614
0.049551,	-0.022286

0.000000,	0.000000
0.603795,	0.797140
0.043334,	0.022482
0.043326,	-0.022154

0.000000,	0.000000
0.603370,	0.797461
0.037007,	0.022296
0.036995,	-0.021968

0.000000,	0.000000
0.602946,	0.797782
0.030550,	0.022030
0.030533,	-0.021703

0.000000,	0.000000
0.602521,	0.798103
0.023932,	0.021647
0.023908,	-0.021320

0.000000,	0.000000
0.602096,	0.798424
0.017115,	0.021079
0.017078,	-0.020750

0.000000,	0.000000
0.601671,	0.798744
0.010059,	0.020208
0.010004,	-0.019873

0.000000,	0.000000
0.601246,	0.799064
0.002770,	0.018838
0.002686,	-0.018482

0.000000,	0.000000
0.600820,	0.799384
-0.004610,	0.016712
-0.004723,	-0.016306

0.000000,	0.000000
0.600395,	0.799704
-0.011747,	0.013721
-0.011868,	-0.013234

0.000000,	0.000000
0.599969,	0.800023
-0.018353,	0.010085
-0.018450,	-0.009507

0.000000,	0.000000
0.599543,	0.800343
-0.024408,	0.006127
-0.024464,	-0.005466

0.000000,	0.000000
0.599117,	0.800662
-0.030032,	0.002052
-0.030039,	-0.001319

0.000000,	0.000000
0.598690,	0.800981
-0.035345,	-0.002049
-0.035301,	0.002846

0.000000,	0.000000
0.598264,	0.801299
-0.040431,	-0.006138
-0.040338,	0.006995

0.000000,	0.000000
0.597837,	0.801618
-0.045350,	-0.010203
-0.045209,	0.011116

0.000000,	0.000000
0.597410,	0.801936
-0.050141,	-0.014239
-0.049952,	0.015207

0.000000,	0.000000
0.596983,	0.802254
-0.054833,	-0.018248
-0.054597,	0.019267

0.000000,	0.000000
0.596556,	0.802571
-0.059444,	-0.022230
-0.059162,	0.023300

0.000000,	0.000000
0.596129,	0.802889
-0.063990,	-0.026188
-0.063662,	0.027307

0.000000,	0.000000
0.595701,	0.803206
-0.068481,	-0.030123
-0.068109,	0.031291

0.000000,	0.000000
0.595274,	0.803523
-0.072926,	-0.034038
-0.072509,	0.035255

0.000000,	0.000000
0.594846,	0.803840
-0.077332,	-0.037935
-0.076871,	0.039199

0.000000,	0.000000
0.594418,	0.804156
-0.081704,	-0.041815
-0.081199,	0.043126

0.000000,	0.000000
0.593990,	0.804473
-0.086046,	-0.045680
-0.085498,	0.047038

0.000000,	0.000000
0.593561,	0.804789
-0.090362,	-0.049531
-0.089771,	0.050936

0.000000,	0.000000
0.593133,	0.805105
-0.094654,	-0.053370
-0.094021,	0.054820

0.000000,	0.000000
0.592704,	0.805420
-0.098926,	-0.057196
-0.098251,	0.058693

0.000000,	0.000000
0.592275,	0.805736
-0.103179,	-0.061012
-0.102462,	0.062554

0.000000,	0.000000
0.591846,	0.806051
-0.107416,	-0.064818
-0.106656,	0.066405

0.000000,	0.000000
0.591417,	0.806366
-0.111637,	-0.068615
-0.110836,	0.070247

0.000000,	0.000000
0.590988,	0.806680
-0.115844,	-0.072403
-0.115001,	0.074081

0.000000,	0.000000
0.590558,	0.806995
-0.120039,	-0.076184
-0.119154,	0.077906

0.000000,	0.000000
0.590129,	0.807309
-0.124221,	-0.079956
-0.123296,	0.081723

0.000000,	0.000000
0.589699,	0.807623
-0.128393,	-0.083722
-0.127426,	0.085534

0.000000,	0.000000
0.589269,	0.807937
-0.132555,	-0.087481
-0.131547,	0.089338

0.000000,	0.000000
0.588839,	0.808251
-0.136708,	-0.091235
-0.135659,	0.093135

0.000000,	0.000000
0.588408,	0.808564
-0.140852,	-0.094982
-0.139762,	0.096927

0.000000,	0.000000
0.587978,	0.808877
-0.144988,	-0.098724
-0.143857,	0.100713

0.000000,	0.000000
0.587547,	0.809190
-0.149116,	-0.102461
-0.147944,	0.104494

0.000000,	0.000000
0.587116,	0.809503
-0.153237,	-0.106193
-0.152025,	0.108270

0.000000,	0.000000
0.586685,	0.809815
-0.157352,	-0.109920
-0.156099,	0.112042

0.000000,	0.000000
0.586254,	0.810127
-0.161460,	-0.113643
-0.160167,	0.115809

0.000000,	0.000000
0.585823,	0.810439
-0.165563,	-0.117362
-0.164229,	0.119572

0.000000,	0.000000
0.585391,	0.810751
-0.169660,	-0.121077
-0.168286,	0.123330

0.000000,	0.000000
0.584960,	0.811062
-0.173751,	-0.124788
-0.172337,	0.127085

0.000000,	0.000000
0.584528,	0.811374
-0.177838,	-0.128496
-0.176383,	0.130837

0.000000,	0.000000
0.584096,	0.811685
-0.181920,	-0.132200
-0.180425,	0.134584

0.000000,	0.000000
0.583664,	0.811996
-0.185998,	-0.135901
-0.184462,	0.138329

0.000000,	0.000000
0.583231,	0.812306
-0.190071,	-0.139598
-0.188495,	0.142070

0.000000,	0.000000
0.582799,	0.812617
-0.194140,	-0.143293
-0.192524,	0.145809

0.000000,	0.000000
0.582366,	0.812927
-0.198205,	-0.146985
-0.196549,	0.149544

0.000000,	0.000000
0.581933,	0.813237
-0.202267,	-0.150674
-0.200571,	0.153277

0.000000,	0.000000
0.581500,	0.813546
-0.206325,	-0.154361
-0.204589,	0.157007

0.000000,	0.000000
0.581067,	0.813856
-0.210379,	-0.158045
-0.208604,	0.160734

0.000000,	0.000000
0.580634,	0.814165
-0.214431,	-0.161726
-0.212615,	0.164459

0.000000,	0.000000
0.580200,	0.814474
-0.218479,	-0.165406
-0.216624,	0.168182

0.000000,	0.000000
0.579767,	0.814783
-0.222524,	-0.169083
-0.220629,	0.171902

0.000000,	0.000000
0.579333,	0.815091
-0.226567,	-0.172757
-0.224632,	0.175620

0.000000,	0.000000
0.578899,	0.815399
-0.230606,	-0.176430
-0.228631,	0.179336

0.000000,	0.000000
0.578465,	0.815708
-0.234643,	-0.180101
-0.232629,	0.183050

0.000000,	0.000000
0.578030,	0.816015
-0.238678,	-0.183769
-0.236623,	0.186762

0.000000,	0.000000
0.577596,	0.816323
-0.242710,	-0.187436
-0.240616,	0.190472

0.000000,	0.000000
0.577161,	0.816630
-0.246740,	-0.191101
-0.244606,	0.194180

0.000000,	0.000000
0.576726,	0.816937
-0.250767,	-0.194764
-0.248593,	0.197886

0.000000,	0.000000
0.576291,	0.817244
-0.254792,	-0.198426
-0.252579,	0.201591

0.000000,	0.000000
0.575856,	0.817551
-0.258815,	-0.202086
-0.256562,	0.205294

0.000000,	0.000000
0.575421,	0.817857
-0.262836,	-0.205744
-0.260544,	0.208995

0.000000,	0.000000
0.574985,	0.818164
-0.266855,	-0.209401
-0.264523,	0.212695

0.000000,	0.000000
0.574550,	0.818470
-0.270873,	-0.213056
-0.268501,	0.216393

0.000000,	0.000000
0.574114,	0.818775
-0.274888,	-0.216710
-0.272477,	0.220090

0.000000,	0.000000
0.573678,	0.819081
-0.278901,	-0.220362
-0.276451,	0.223786

0.000000,	0.000000
0.573242,	0.819386
-0.282913,	-0.224013
-0.280423,	0.227480

0.000000,	0.000000
0.572806,	0.819691
-0.286923,	-0.227663
-0.284393,	0.231172

0.000000,	0.000000
0.572369,	0.819996
-0.290931,	-0.231311
-0.288362,	0.234863

0.000000,	0.000000
0.571933,	0.820301
-0.294938,	-0.234958
-0.292329,	0.238553

0.000000,	0.000000
0.571496,	0.820605
-0.298943,	-0.238604
-0.296295,	0.242242

0.000000,	0.000000
0.571059,	0.820909
-0.302947,	-0.242248
-0.300260,	0.245930

0.000000,	0.000000
0.570622,	0.821213
-0.306949,	-0.245892
-0.304222,	0.249616

0.000000,	0.000000
0.570185,	0.821517
-0.310950,	-0.249534
-0.308184,	0.253301

0.000000,	0.000000
0.569747,	0.821820
-0.314950,	-0.253175
-0.312144,	0.256986

0.000000,	0.000000
0.569310,	0.822123
-0.318948,	-0.256815
-0.316103,	0.260669

0.000000,	0.000000
0.568872,	0.822426
-0.322945,	-0.260454
-0.320060,	0.264350

0.000000,	0.000000
0.568434,	0.822729
-0.326940,	-0.264092
-0.324016,	0.268031

0.000000,	0.000000
0.567996,	0.823031
-0.330935,	-0.267729
-0.327971,	0.271711

0.000000,	0.000000
0.567558,	0.823334
-0.334928,	-0.271366
-0.331925,	0.275390

0.000000,	0.000000
0.567119,	0.823636
-0.338920,	-0.275001
-0.335878,	0.279068

0.000000,	0.000000
0.566681,	0.823937
-0.342911,	-0.278635
-0.339829,	0.282745

0.000000,	0.000000
0.566242,	0.824239
-0.346900,	-0.282268
-0.343780,	0.286421

0.000000,	0.000000
0.565803,	0.824540
-0.350889,	-0.285901
-0.347729,	0.290097

0.000000,	0.000000
0.565364,	0.824841
-0.354876,	-0.289532
-0.351677,	0.293771

0.000000,	0.000000
0.564925,	0.825142
-0.358863,	-0.293163
-0.355625,	0.297444

0.000000,	0.000000
0.564486,	0.825443
-0.362849,	-0.296793
-0.359571,	0.301117

0.000000,	0.000000
0.564046,	0.825743
-0.366833,	-0.300422
-0.363516,	0.304789

0.000000,	0.000000
0.563607,	0.826043
-0.370817,	-0.304050
-0.367460,	0.308460

0.000000,	0.000000
0.563167,	0.826343
-0.374799,	-0.307677
-0.371404,	0.312130

0.000000,	0.000000
0.562727,	0.826643
-0.378781,	-0.311304
-0.375346,	0.315800

0.000000,	0.000000
0.562287,	0.826942
-0.382762,	-0.314930
-0.379288,	0.319468

0.000000,	0.000000
0.561846,	0.827242
-0.386741,	-0.318555
-0.383228,	0.323136

0.000000,	0.000000
0.561406,	0.827541
-0.390721,	-0.322180
-0.387168,	0.326804

0.000000,	0.000000
0.560965,	0.827839
-0.394699,	-0.325804
-0.391107,	0.330470

0.000000,	0.000000
0.560525,	0.828138
-0.398676,	-0.329427
-0.395045,	0.334136

0.000000,	0.000000
0.560084,	0.828436
-0.402653,	-0.333049
-0.398983,	0.337801

0.000000,	0.000000
0.559643,	0.828734
-0.406628,	-0.336671
-0.402919,	0.341466

0.000000,	0.000000
0.559201,	0.829032
-0.410603,	-0.340292
-0.406855,	0.345130

0.000000,	0.000000
0.558760,	0.829329
-0.414578,	-0.343913
-0.410790,	0.348793

0.000000,	0.000000
0.558318,	0.829627
-0.418551,	-0.347533
-0.414724,	0.352456

0.000000,	0.000000
0.557877,	0.829924
-0.422524,	-0.351152
-0.418658,	0.356118

0.000000,	0.000000
0.557435,	0.830221
-0.426496,	-0.354771
-0.422591,	0.359779

0.000000,	0.000000
0.556993,	0.830517
-0.430467,	-0.358389
-0.426523,	0.363440

0.000000,	0.000000
0.556551,	0.830814
-0.434438,	-0.362007
-0.430454,	0.367100

0.000000,	0.000000
0.556108,	0.831110
-0.438408,	-0.365624
-0.434385,	0.370760

0.000000,	0.000000
0.555666,	0.831406
-0.442377,	-0.369240
-0.438315,	0.374419

0.000000,	0.000000
0.555223,	0.831702
-0.446346,	-0.372856
-0.442245,	0.378078

0.000000,	0.000000
0.554780,	0.831997
-0.450314,	-0.376471
-0.446174,	0.381736

0.000000,	0.000000
0.554337,	0.832292
-0.454281,	-0.380086
-0.450102,	0.385393

0.000000,	0.000000
0.553894,	0.832587
-0.458248,	-0.383701
-0.454030,	0.389050

0.000000,	0.000000
0.553451,	0.832882
-0.462214,	-0.387314
-0.457957,	0.392707

0.000000,	0.000000
0.553007,	0.833176
-0.466179,	-0.390928
-0.461883,	0.396363

0.000000,	0.000000
0.552564,	0.833471
-0.470144,	-0.394541
-0.465809,	0.400018

0.000000,	0.000000
0.552120,	0.833765
-0.474109,	-0.398153
-0.469734,	0.403673

0.000000,	0.000000
0.551676,	0.834059
-0.478073,	-0.401765
-0.473659,	0.407328

0.000000,	0.000000
0.551232,	0.834352
-0.482036,	-0.405376
-0.477583,	0.410982

0.000000,	0.000000
0.550788,	0.834645
-0.485999,	-0.408987
-0.481507,	0.414635

0.000000,	0.000000
0.550343,	0.834938
-0.489961,	-0.412598
-0.485430,	0.418289

0.000000,	0.000000
0.549899,	0.835231
-0.493923,	-0.416208
-0.489353,	0.421941

0.000000,	0.000000
0.549454,	0.835524
-0.497884,	-0.419818
-0.493275,	0.425594

0.000000,	0.000000
0.549009,	0.835816
-0.501845,	-0.423427
-0.497196,	0.429245

0.000000,	0.000000
0.548564,	0.836108
-0.505805,	-0.427036
-0.501118,	0.432897

0.000000,	0.000000
0.548119,	0.836400
-0.509764,	-0.430644
-0.505038,	0.436548

0.000000,	0.000000
0.547674,	0.836692
-0.513724,	-0.434252
-0.508958,	0.440199

0.000000,	0.000000
0.547228,	0.836983
-0.517682,	-0.437860
-0.512878,	0.443849

0.000000,	0.000000
0.546783,	0.837275
-0.521641,	-0.441467
-0.516797,	0.447498

0.000000,	0.000000
0.546337,	0.837566
-0.525598,	-0.445074
-0.520716,	0.451148

0.000000,	0.000000
0.545891,	0.837856
-0.529556,	-0.448680
-0.524634,	0.454797

0.000000,	0.000000
0.545445,	0.838147
-0.533513,	-0.452286
-0.528552,	0.458446

0.000000,	0.000000
0.544998,	0.838437
-0.537469,	-0.455892
-0.532470,	0.462094

0.000000,	0.000000
0.544552,	0.838727
-0.541425,	-0.459497
-0.536387,	0.465742

0.000000,	0.000000
0.544105,	0.839017
-0.545381,	-0.463102
-0.540303,	0.469389

0.000000,	0.000000
0.543659,	0.839306
-0.549336,	-0.466707
-0.544219,	0.473036

0.000000,	0.000000
0.543212,	0.839596
-0.553291,	-0.470311
-0.548135,	0.476683

0.000000,	0.000000
0.542765,	0.839885
-0.557245,	-0.473915
-0.552050,	0.480330

0.000000,	0.000000
0.542318,	0.840174
-0.561199,	-0.477518
-0.555965,	0.483976

0.000000,	0.000000
0.541870,	0.840462
-0.565153,	-0.481121
-0.559880,	0.487622

0.000000,	0.000000
0.541423,	0.840750
-0.569106,	-0.484724
-0.563794,	0.491267

0.000000,	0.000000
0.540975,	0.841039
-0.573059,	-0.488327
-0.567708,	0.494912

0.000000,	0.000000
0.540527,	0.841326
-0.577011,	-0.491929
-0.571621,	0.498557

0.000000,	0.000000
0.540079,	0.841614
-0.580963,	-0.495531
-0.575534,	0.502201

0.000000,	0.000000
0.539631,	0.841901
-0.584915,	-0.499133
-0.579447,	0.505846

0.000000,	0.000000
0.539183,	0.842189
-0.588866,	-0.502734
-0.583359,	0.509489

0.000000,	0.000000
0.538735,	0.842475
-0.592817,	-0.506335
-0.587271,	0.513133

0.000000,	0.000000
0.538286,	0.842762
-0.596768,	-0.509936
-0.591183,	0.516776

0.000000,	0.000000
0.537837,	0.843049
-0.600718,	-0.513536
-0.595094,	0.520419

0.000000,	0.000000
0.537389,	0.843335
-0.604668,	-0.517136
-0.599005,	0.524062

0.000000,	0.000000
0.536940,	0.843621
-0.608618,	-0.520736
-0.602916,	0.527704

0.000000,	0.000000
0.536490,	0.843906
-0.612567,	-0.524335
-0.606826,	0.531346

0.000000,	0.000000
0.536041,	0.844192
-0.616516,	-0.527935
-0.610736,	0.534988

0.000000,	0.000000
0.535592,	0.844477
-0.620465,	-0.531534
-0.614646,	0.538630

0.000000,	0.000000
0.535142,	0.844762
-0.624413,	-0.535132
-0.618555,	0.542271

0.000000,	0.000000
0.534692,	0.845047
-0.628361,	-0.538731
-0.622464,	0.545912

0.000000,	0.000000
0.534242,	0.845331
-0.632309,	-0.542329
-0.626373,	0.549552

0.000000,	0.000000
0.533792,	0.845616
-0.636256,	-0.545927
-0.630281,	0.553193

0.000000,	0.000000
0.533342,	0.845900
-0.640203,	-0.549524
-0.634189,	0.556833

0.000000,	0.000000
0.532892,	0.846184
-0.644150,	-0.553122
-0.638097,	0.560473

0.000000,	0.000000
0.532441,	0.846467
-0.648096,	-0.556719
-0.642004,	0.564113

0.000000,	0.000000
0.531990,	0.846750
-0.652042,	-0.560316
-0.645912,	0.567752

0.000000,	0.000000
0.531539,	0.847034
-0.655988,	-0.563912
-0.649818,	0.571391

0.000000,	0.000000
0.531088,	0.847316
-0.659934,	-0.567509
-0.653725,	0.575030

0.000000,	0.000000
0.530637,	0.847599
-0.663879,	-0.571105
-0.657631,	0.578669

0.000000,	0.000000
0.530186,	0.847881
-0.667824,	-0.574701
-0.661537,	0.582307

0.000000,	0.000000
0.529735,	0.848163
-0.671769,	-0.578296
-0.665443,	0.585945

0.000000,	0.000000
0.529283,	0.848445
-0.675714,	-0.581892
-0.669349,	0.589583

0.000000,	0.000000
0.528831,	0.848727
-0.679658,	-0.585487
-0.673254,	0.593221

0.000000,	0.000000
0.528379,	0.849008
-0.683602,	-0.589082
-0.677159,	0.596858

0.000000,	0.000000
0.527927,	0.849290
-0.687545,	-0.592677
-0.681064,	0.600496

0.000000,	0.000000
0.527475,	0.849570
-0.691489,	-0.596271
-0.684968,	0.604133

0.000000,	0.000000
0.527023,	0.849851
-0.695432,	-0.599866
-0.688872,	0.607769

0.000000,	0.000000
0.526570,	0.850132
-0.699375,	-0.603460
-0.692776,	0.611406

0.000000,	0.000000
0.526118,	0.850412
-0.703318,	-0.607054
-0.696680,	0.615042

0.000000,	0.000000
0.525665,	0.850692
-0.707260,	-0.610647
-0.700583,	0.618679

0.000000,	0.000000
0.525212,	0.850971
-0.711202,	-0.614241
-0.704487,	0.622315

0.000000,	0.000000
0.524759,	0.851251
-0.715144,	-0.617834
-0.708390,	0.625950

0.000000,	0.000000
0.524306,	0.851530
-0.719086,	-0.621427
-0.712292,	0.629586

0.000000,	0.000000
0.523852,	0.851809
-0.723027,	-0.625020
-0.716195,	0.633221

0.000000,	0.000000
0.523399,	0.852088
-0.726969,	-0.628612
-0.720097,	0.636856

0.000000,	0.000000
0.522945,	0.852366
-0.730910,	-0.632205
-0.723999,	0.640491

0.000000,	0.000000
0.522491,	0.852645
-0.734850,	-0.635797
-0.727901,	0.644126

0.000000,	0.000000
0.522037,	0.852923
-0.738791,	-0.639389
-0.731803,	0.647760

0.000000,	0.000000
0.521583,	0.853200
-0.742731,	-0.642981
-0.735704,	0.651395

0.000000,	0.000000
0.521129,	0.853478
-0.746671,	-0.646572
-0.739605,	0.655029

0.000000,	0.000000
0.520675,	0.853755
-0.750611,	-0.650164
-0.743506,	0.658663

0.000000,	0.000000
0.520220,	0.854032
-0.754551,	-0.653755
-0.747407,	0.662296

0.000000,	0.000000
0.519765,	0.854309
-0.758490,	-0.657346
-0.751307,	0.665930

0.000000,	0.000000
0.519310,	0.854586
-0.762430,	-0.660937
-0.755208,	0.669563

0.000000,	0.000000
0.518855,	0.854862
-0.766369,	-0.664528
-0.759108,	0.673197

0.000000,	0.000000
0.518400,	0.855138
-0.770308,	-0.668118
-0.763008,	0.676830

0.000000,	0.000000
0.517945,	0.855414
-0.774246,	-0.671709
-0.766907,	0.680462

0.000000,	0.000000
0.517490,	0.855690
-0.778185,	-0.675299
-0.770807,	0.684095

0.000000,	0.000000
0.517034,	0.855965
-0.782123,	-0.678889
-0.774706,	0.687728

0.000000,	0.000000
0.516578,	0.856240
-0.786061,	-0.682479
-0.778605,	0.691360

0.000000,	0.000000
0.516122,	0.856515
-0.789999,	-0.686068
-0.782504,	0.694992

0.000000,	0.000000
0.515666,	0.856790
-0.793936,	-0.689658
-0.786403,	0.698624

0.000000,	0.000000
0.515210,	0.857064
-0.797874,	-0.693247
-0.790301,	0.702256

0.000000,	0.000000
0.514754,	0.857338
-0.801811,	-0.696836
-0.794199,	0.705887

0.000000,	0.000000
0.514297,	0.857612
-0.805748,	-0.700425
-0.798098,	0.709519

0.000000,	0.000000
0.513841,	0.857886
-0.809685,	-0.704014
-0.801996,	0.713150

0.000000,	0.000000
0.513384,	0.858159
-0.813622,	-0.707603
-0.805893,	0.716781

0.000000,	0.000000
0.512927,	0.858432
-0.817558,	-0.711191
-0.809791,	0.720412

0.000000,	0.000000
0.512470,	0.858705
-0.821495,	-0.714780
-0.813688,	0.724043

0.000000,	0.000000
0.512013,	0.858978
-0.825431,	-0.718368
-0.817585,	0.727674

0.000000,	0.000000
0.511555,	0.859250
-0.829367,	-0.721956
-0.821483,	0.731304

0.000000,	0.000000
0.511098,	0.859522
-0.833303,	-0.725544
-0.825379,	0.734935

0.000000,	0.000000
0.510640,	0.859794
-0.837238,	-0.729132
-0.829276,	0.738565

0.000000,	0.000000
0.510183,	0.860066
-0.841174,	-0.732719
-0.833173,	0.742195

0.000000,	0.000000
0.509725,	0.860338
-0.845109,	-0.736307
-0.837069,	0.745825

0.000000,	0.000000
0.509267,	0.860609
-0.849044,	-0.739894
-0.840965,	0.749455

0.000000,	0.000000
0.508808,	0.860880
-0.852979,	-0.743481
-0.844861,	0.753084

0.000000,	0.000000
0.508350,	0.861151
-0.856914,	-0.747068
-0.848757,	0.756714

0.000000,	0.000000
0.507892,	0.861421
-0.860849,	-0.750655
-0.852653,	0.760343

0.000000,	0.000000
0.507433,	0.861691
-0.864783,	-0.754242
-0.856548,	0.763972

0.000000,	0.000000
0.506974,	0.861961
-0.868717,	-0.757828
-0.860443,	0.767601

0.000000,	0.000000
0.506515,	0.862231
-0.872651,	-0.761415
-0.864339,	0.771230

0.000000,	0.000000
0.506056,	0.862501
-0.876585,	-0.765001
-0.868234,	0.774859

0.000000,	0.000000
0.505597,	0.862770
-0.880519,	-0.768587
-0.872129,	0.778488

0.000000,	0.000000
0.505138,	0.863039
-0.884453,	-0.772173
-0.876023,	0.782116

0.000000,	0.000000
0.504678,	0.863308
-0.888386,	-0.775759
-0.879918,	0.785744

0.000000,	0.000000
0.504218,	0.863576
-0.892320,	-0.779345
-0.883812,	0.789373

0.000000,	0.000000
0.503759,	0.863844
-0.896253,	-0.782931
-0.887707,	0.793001

0.000000,	0.000000
0.503299,	0.864113
-0.900186,	-0.786516
-0.891601,	0.796629

0.000000,	0.000000
0.502839,	0.864380
-0.904119,	-0.790102
-0.895495,	0.800257

0.000000,	0.000000
0.502378,	0.864648
-0.908052,	-0.793687
-0.899389,	0.803884

0.000000,	0.000000
0.501918,	0.864915
-0.911984,	-0.797272
-0.903282,	0.807512

0.000000,	0.000000
0.501458,	0.865182
-0.915917,	-0.800857
-0.907176,	0.811139

0.000000,	0.000000
0.500997,	0.865449
-0.919849,	-0.804442
-0.911069,	0.814767

0.000000,	0.000000
0.500536,	0.865716
-0.923781,	-0.808027
-0.914962,	0.818394

0.000000,	0.000000
0.500075,	0.865982
-0.927714,	-0.811611
-0.918855,	0.822021

0.000000,	0.000000
0.499614,	0.866248
-0.931645,	-0.815196
-0.922748,	0.825648

0.000000,	0.000000
0.499153,	0.866514
-0.935577,	-0.818780
-0.926641,	0.829275

0.000000,	0.000000
0.498692,	0.866780
-0.939509,	-0.822364
-0.930534,	0.832901

0.000000,	0.000000
0.498230,	0.867045
-0.943440,	-0.825948
-0.934427,	0.836528

0.000000,	0.000000
0.497768,	0.867310
-0.947372,	-0.829532
-0.938319,	0.840154

0.000000,	0.000000
0.497307,	0.867575
-0.951303,	-0.833116
-0.942211,	0.843781

0.000000,	0.000000
0.496845,	0.867839
-0.955234,	-0.836700
-0.946103,	0.847407

0.000000,	0.000000
0.496383,	0.868104
-0.959165,	-0.840284
-0.949995,	0.851033

0.000000,	0.000000
0.495920,	0.868368
-0.963096,	-0.843867
-0.953887,	0.854659

0.000000,	0.000000
0.495458,	0.868632
-0.967027,	-0.847451
-0.957779,	0.858285

0.000000,	0.000000
0.494996,	0.868895
-0.970957,	-0.851034
-0.961671,	0.861911

0.000000,	0.000000
0.494533,	0.869159
-0.974888,	-0.854617
-0.965562,	0.865536

0.000000,	0.000000
0.494070,	0.869422
-0.978818,	-0.858200
-0.969454,	0.869162

0.000000,	0.000000
0.493607,	0.869685
-0.982748,	-0.861783
-0.973345,	0.872787

0.000000,	0.000000
0.493144,	0.869948
-0.986678,	-0.865366
-0.977236,	0.876412

0.000000,	0.000000
0.492681,	0.870210
-0.990608,	-0.868949
-0.981127,	0.880038

0.000000,	0.000000
0.492218,	0.870472
-0.994538,	-0.872532
-0.985018,	0.883663

0.000000,	0.000000
0.491754,	0.870734
-0.998468,	-0.876114
-0.988909,	0.887288

0.000000,	0.000000
0.491291,	0.870996
-1.002397,	-0.879697
-0.992799,	0.890913

0.000000,	0.000000
0.490827,	0.871257
-1.006327,	-0.883279
-0.996690,	0.894537

0.000000,	0.000000
0.490363,	0.871518
-1.010256,	-0.886861
-1.000580,	0.898162

0.000000,	0.000000
0.489899,	0.871779
-1.014185,	-0.890444
-1.004471,	0.901787

0.000000,	0.000000
0.489435,	0.872040
-1.018115,	-0.894026
-1.008361,	0.905411

0.000000,	0.000000
0.488971,	0.872300
-1.022044,	-0.897608
-1.012251,	0.909036

0.000000,	0.000000
0.488506,	0.872560
-1.025973,	-0.901189
-1.016141,	0.912660

0.000000,	0.000000
0.488042,	0.872820
-1.029901,	-0.904771
-1.020031,	0.916284

0.000000,	0.000000
0.487577,	0.873080
-1.033830,	-0.908353
-1.023920,	0.919908

0.000000,	0.000000
0.487112,	0.873339
-1.037759,	-0.911934
-1.027810,	0.923532

0.000000,	0.000000
0.486647,	0.873599
-1.041687,	-0.915516
-1.031700,	0.927156

0.000000,	0.000000
0.486182,	0.873858
-1.045615,	-0.919097
-1.035589,	0.930780

0.000000,	0.000000
0.485717,	0.874116
-1.049544,	-0.922678
-1.039478,	0.934403

0.000000,	0.000000
0.485251,	0.874375
-1.053472,	-0.926260
-1.043367,	0.938027

0.000000,	0.000000
0.484786,	0.874633
-1.057400,	-0.929841
-1.047257,	0.941650

0.000000,	0.000000
0.484320,	0.874891
-1.061328,	-0.933422
-1.051146,	0.945274

0.000000,	0.000000
0.483854,	0.875149
-1.065255,	-0.937003
-1.055034,	0.948897

0.000000,	0.000000
0.483388,	0.875406
-1.069183,	-0.940583
-1.058923,	0.952520

0.000000,	0.000000
0.482922,	0.875663
-1.073111,	-0.944164
-1.062812,	0.956143

0.000000,	0.000000
0.482456,	0.875920
-1.077038,	-0.947745
-1.066700,	0.959766

0.000000,	0.000000
0.481990,	0.876177
-1.080966,	-0.951325
-1.070589,	0.963389

0.000000,	0.000000
0.481523,	0.876433
-1.084893,	-0.954906
-1.074477,	0.967012

0.000000,	0.000000
0.481057,	0.876689
-1.088820,	-0.958486
-1.078365,	0.970635

0.000000,	0.000000
0.480590,	0.876945
-1.092747,	-0.962066
-1.082253,	0.974258

0.000000,	0.000000
0.480123,	0.877201
-1.096674,	-0.965646
-1.086142,	0.977880

0.000000,	0.000000
0.479656,	0.877457
-1.100601,	-0.969226
-1.090029,	0.981503

0.000000,	0.000000
0.479189,	0.877712
-1.104528,	-0.972806
-1.093917,	0.985125

0.000000,	0.000000
0.478721,	0.877967
-1.108454,	-0.976386
-1.097805,	0.988747

0.000000,	0.000000
0.478254,	0.878222
-1.112381,	-0.979966
-1.101693,	0.992370

0.000000,	0.000000
0.477786,	0.878476
-1.116308,	-0.983546
-1.105580,	0.995992

0.000000,	0.000000
0.477319,	0.878730
-1.120234,	-0.987126
-1.109468,	0.999614

0.000000,	0.000000
0.476851,	0.878984
-1.124160,	-0.990705
-1.113355,	1.003236

0.000000,	0.000000
0.476383,	0.879238
-1.128086,	-0.994285
-1.117242,	1.006858

0.000000,	0.000000
0.475915,	0.879491
-1.132013,	-0.997864
-1.121130,	1.010479

0.000000,	0.000000
0.475447,	0.879745
-1.135939,	-1.001443
-1.125017,	1.014101

0.000000,	0.000000
0.474978,	0.879998
-1.139865,	-1.005022
-1.128904,	1.017723

0.000000,	0.000000
0.474510,	0.880250
-1.143790,	-1.008602
-1.132790,	1.021344

0.000000,	0.000000
0.474041,	0.880503
-1.147716,	-1.012181
-1.136677,	1.024966

0.000000,	0.000000
0.473572,	0.880755
-1.151642,	-1.015760
-1.140564,	1.028587

0.000000,	0.000000
0.473103,	0.881007
-1.155567,	-1.019339
-1.144451,	1.032208

0.000000,	0.000000
0.472634,	0.881259
-1.159493,	-1.022917
-1.148337,	1.035830

0.000000,	0.000000
0.472165,	0.881510
-1.163418,	-1.026496
-1.152224,	1.039451

0.000000,	0.000000
0.471696,	0.881761
-1.167344,	-1.030075
-1.156110,	1.043072

0.000000,	0.000000
0.471226,	0.882012
-1.171269,	-1.033654
-1.159996,	1.046693

0.000000,	0.000000
0.470757,	0.882263
-1.175194,	-1.037232
-1.163882,	1.050314

0.000000,	0.000000
0.470287,	0.882514
-1.179119,	-1.040810
-1.167769,	1.053935

0.000000,	0.000000
0.469817,	0.882764
-1.183044,	-1.044389
-1.171655,	1.057555

0.000000,	0.000000
0.469347,	0.883014
-1.186969,	-1.047967
-1.175541,	1.061176

0.000000,	0.000000
0.468877,	0.883264
-1.190894,	-1.051545
-1.179426,	1.064797

0.000000,	0.000000
0.468407,	0.883513
-1.194818,	-1.055124
-1.183312,	1.068417

0.000000,	0.000000
0.467936,	0.883762
-1.198743,	-1.058702
-1.187198,	1.072038

0.000000,	0.000000
0.467466,	0.884011
-1.202667,	-1.062280
-1.191083,	1.075658

0.000000,	0.000000
0.466995,	0.884260
-1.206592,	-1.065858
-1.194969,	1.079278

0.000000,	0.000000
0.466524,	0.884508
-1.210516,	-1.069435
-1.198854,	1.082899

0.000000,	0.000000
0.466053,	0.884757
-1.214441,	-1.073013
-1.202740,	1.086519

0.000000,	0.000000
0.465582,	0.885005
-1.218365,	-1.076591
-1.206625,	1.090139

0.000000,	0.000000
0.465111,	0.885252
-1.222289,	-1.080169
-1.210510,	1.093759

0.000000,	0.000000
0.464640,	0.885500
-1.226213,	-1.083746
-1.214395,	1.097379

0.000000,	0.000000
0.464168,	0.885747
-1.230137,	-1.087324
-1.218280,	1.100999

0.000000,	0.000000
0.463697,	0.885994
-1.234061,	-1.090901
-1.222165,	1.104619

0.000000,	0.000000
0.463225,	0.886241
-1.237985,	-1.094478
-1.226050,	1.108238

0.000000,	0.000000
0.462753,	0.886487
-1.241908,	-1.098056
-1.229935,	1.111858

0.000000,	0.000000
0.462281,	0.886733
-1.245832,	-1.101633
-1.233820,	1.115478

0.000000,	0.000000
0.461809,	0.886979
-1.249756,	-1.105210
-1.237704,	1.119097

0.000000,	0.000000
0.461337,	0.887225
-1.253679,	-1.108787
-1.241589,	1.122717

0.000000,	0.000000
0.460864,	0.887471
-1.257603,	-1.112364
-1.245473,	1.126336

0.000000,	0.000000
0.460392,	0.887716
-1.261526,	-1.115941
-1.249358,	1.129956

0.000000,	0.000000
0.459919,	0.887961
-1.265449,	-1.119518
-1.253242,	1.133575

0.000000,	0.000000
0.459447,	0.888205
-1.269373,	-1.123095
-1.257126,	1.137194

0.000000,	0.000000
0.458974,	0.888450
-1.273296,	-1.126672
-1.261011,	1.140813

0.000000,	0.000000
0.458501,	0.888694
-1.277219,	-1.130248
-1.264895,	1.144432

0.000000,	0.000000
0.458027,	0.888938
-1.281142,	-1.133825
-1.268779,	1.148051

0.000000,	0.000000
0.457554,	0.889182
-1.285065,	-1.137402
-1.272663,	1.151670

0.000000,	0.000000
0.457081,	0.889425
-1.288988,	-1.140978
-1.276547,	1.155289

0.000000,	0.000000
0.456607,	0.889668
-1.292910,	-1.144555
-1.280431,	1.158908

0.000000,	0.000000
0.456134,	0.889911
-1.296833,	-1.148131
-1.284314,	1.162527

0.000000,	0.000000
0.455660,	0.890154
-1.300756,	-1.151707
-1.288198,	1.166145

0.000000,	0.000000
0.455186,	0.890396
-1.304678,	-1.155284
-1.292082,	1.169764

0.000000,	0.000000
0.454712,	0.890639
-1.308601,	-1.158860
-1.295965,	1.173383

0.000000,	0.000000
0.454238,	0.890881
-1.312523,	-1.162436
-1.299849,	1.177001

0.000000,	0.000000
0.453763,	0.891122
-1.316446,	-1.166012
-1.303732,	1.180620

0.000000,	0.000000
0.453289,	0.891364
-1.320368,	-1.169588
-1.307615,	1.184238

0.000000,	0.000000
0.452814,	0.891605
-1.324290,	-1.173164
-1.311499,	1.187856

0.000000,	0.000000
0.452340,	0.891846
-1.328212,	-1.176740
-1.315382,	1.191475

0.000000,	0.000000
0.451865,	0.892086
-1.332134,	-1.180316
-1.319265,	1.195093

0.000000,	0.000000
0.451390,	0.892327
-1.336056,	-1.183892
-1.323148,	1.198711

0.000000,	0.000000
0.450915,	0.892567
-1.339978,	-1.187467
-1.327031,	1.202329

0.000000,	0.000000
0.450439,	0.892807
-1.343900,	-1.191043
-1.330914,	1.205947

0.000000,	0.000000
0.449964,	0.893047
-1.347822,	-1.194619
-1.334797,	1.209565

0.000000,	0.000000
0.449489,	0.893286
-1.351744,	-1.198194
-1.338680,	1.213183

0.000000,	0.000000
0.449013,	0.893525
-1.355665,	-1.201770
-1.342563,	1.216801

0.000000,	0.000000
0.448537,	0.893764
-1.359587,	-1.205345
-1.346445,	1.220419

0.000000,	0.000000
0.448062,	0.894003
-1.363509,	-1.208920
-1.350328,	1.224036

0.000000,	0.000000
0.447586,	0.894241
-1.367430,	-1.212496
-1.354211,	1.227654

0.000000,	0.000000
0.447109,	0.894479
-1.371352,	-1.216071
-1.358093,	1.231272

0.000000,	0.000000
0.446633,	0.894717
-1.375273,	-1.219646
-1.361975,	1.234889

0.000000,	0.000000
0.446157,	0.894955
-1.379194,	-1.223221
-1.365858,	1.238507

0.000000,	0.000000
0.445680,	0.895192
-1.383116,	-1.226796
-1.369740,	1.242124

0.000000,	0.000000
0.445204,	0.895429
-1.387037,	-1.230371
-1.373622,	1.245742

0.000000,	0.000000
0.444727,	0.895666
-1.390958,	-1.233946
-1.377505,	1.249359

0.000000,	0.000000
0.444250,	0.895903
-1.394879,	-1.237521
-1.381387,	1.252976

0.000000,	0.000000
0.443773,	0.896139
-1.398800,	-1.241096
-1.385269,	1.256593

0.000000,	0.000000
0.443296,	0.896375
-1.402721,	-1.244671
-1.389151,	1.260211

0.000000,	0.000000
0.442819,	0.896611
-1.406642,	-1.248246
-1.393033,	1.263828

0.000000,	0.000000
0.442341,	0.896847
-1.410563,	-1.251821
-1.396915,	1.267445

0.000000,	0.000000
0.441864,	0.897082
-1.414483,	-1.255395
-1.400796,	1.271062

0.000000,	0.000000
0.441386,	0.897317
-1.418404,	-1.258970
-1.404678,	1.274679

0.000000,	0.000000
0.440909,	0.897552
-1.422325,	-1.262544
-1.408560,	1.278296

0.000000,	0.000000
0.440431,	0.897787
-1.426245,	-1.266119
-1.412442,	1.281913

0.000000,	0.000000
0.439953,	0.898021
-1.430166,	-1.269693
-1.416323,	1.285529

0.000000,	0.000000
0.439475,	0.898255
-1.434086,	-1.273268
-1.420205,	1.289146

0.000000,	0.000000
0.438996,	0.898489
-1.438007,	-1.276842
-1.424086,	1.292763

0.000000,	0.000000
0.438518,	0.898722
-1.441927,	-1.280416
-1.427968,	1.296380

0.000000,	0.000000
0.438040,	0.898956
-1.445848,	-1.283991
-1.431849,	1.299996

0.000000,	0.000000
0.437561,	0.899189
-1.449768,	-1.287565
-1.435730,	1.303613

0.000000,	0.000000
0.437082,	0.899422
-1.453688,	-1.291139
-1.439612,	1.307229

0.000000,	0.000000
0.436603,	0.899654
-1.457608,	-1.294713
-1.443493,	1.310846

0.000000,	0.000000
0.436124,	0.899886
-1.461528,	-1.298287
-1.447374,	1.314462

0.000000,	0.000000
0.435645,	0.900118
-1.465448,	-1.301861
-1.451255,	1.318079

0.000000,	0.000000
0.435166,	0.900350
-1.469368,	-1.305435
-1.455136,	1.321695

0.000000,	0.000000
0.434687,	0.900582
-1.473288,	-1.309009
-1.459017,	1.325311

0.000000,	0.000000
0.434207,	0.900813
-1.477208,	-1.312583
-1.462898,	1.328927

0.000000,	0.000000
0.433728,	0.901044
-1.481128,	-1.316157
-1.466779,	1.332543

0.000000,	0.000000
0.433248,	0.901275
-1.485048,	-1.319731
-1.470660,	1.336160

0.000000,	0.000000
0.432768,	0.901505
-1.488967,	-1.323304
-1.474540,	1.339776

0.000000,	0.000000
0.432288,	0.901736
-1.492887,	-1.326878
-1.478421,	1.343392

0.000000,	0.000000
0.431808,	0.901966
-1.496807,	-1.330452
-1.482302,	1.347008

0.000000,	0.000000
0.431328,	0.902195
-1.500726,	-1.334025
-1.486182,	1.350624

0.000000,	0.000000
0.430847,	0.902425
-1.504646,	-1.337599
-1.490063,	1.354239

0.000000,	0.000000
0.430367,	0.902654
-1.508565,	-1.341172
-1.493943,	1.357855

0.000000,	0.000000
0.429886,	0.902883
-1.512485,	-1.344746
-1.497824,	1.361471

0.000000,	0.000000
0.429406,	0.903112
-1.516404,	-1.348319
-1.501704,	1.365087

0.000000,	0.000000
0.428925,	0.903340
-1.520323,	-1.351892
-1.505585,	1.368702

0.000000,	0.000000
0.428444,	0.903568
-1.524242,	-1.355466
-1.509465,	1.372318

0.000000,	0.000000
0.427963,	0.903796
-1.528162,	-1.359039
-1.513345,	1.375934

0.000000,	0.000000
0.427482,	0.904024
-1.532081,	-1.362612
-1.517225,	1.379549

0.000000,	0.000000
0.427000,	0.904251
-1.536000,	-1.366185
-1.521105,	1.383165

0.000000,	0.000000
0.426519,	0.904479
-1.539919,	-1.369758
-1.524985,	1.386780

0.000000,	0.000000
0.426037,	0.904706
-1.543838,	-1.373331
-1.528866,	1.390396

0.000000,	0.000000
0.425556,	0.904932
-1.547757,	-1.376905
-1.532746,	1.394011

0.000000,	0.000000
0.425074,	0.905159
-1.551676,	-1.380478
-1.536625,	1.397626

0.000000,	0.000000
0.424592,	0.905385
-1.555595,	-1.384050
-1.540505,	1.401242

0.000000,	0.000000
0.424110,	0.905611
-1.559513,	-1.387623
-1.544385,	1.404857

0.000000,	0.000000
0.423628,	0.905836
-1.563432,	-1.391196
-1.548265,	1.408472

0.000000,	0.000000
0.423146,	0.906062
-1.567351,	-1.394769
-1.552145,	1.412087

0.000000,	0.000000
0.422663,	0.906287
-1.571269,	-1.398342
-1.556024,	1.415702

0.000000,	0.000000
0.422181,	0.906512
-1.575188,	-1.401915
-1.559904,	1.419317

0.000000,	0.000000
0.421698,	0.906736
-1.579107,	-1.405487
-1.563784,	1.422933

0.000000,	0.000000
0.421215,	0.906961
-1.583025,	-1.409060
-1.567663,	1.426548

0.000000,	0.000000
0.420732,	0.907185
-1.586944,	-1.412632
-1.571543,	1.430162

0.000000,	0.000000
0.420249,	0.907409
-1.590862,	-1.416205
-1.575422,	1.433777

0.000000,	0.000000
0.419766,	0.907632
-1.594780,	-1.419778
-1.579302,	1.437392

0.000000,	0.000000
0.419283,	0.907856
-1.598699,	-1.423350
-1.583181,	1.441007

0.000000,	0.000000
0.418800,	0.908079
-1.602617,	-1.426923
-1.587060,	1.444622

0.000000,	0.000000
0.418316,	0.908301
-1.606535,	-1.430495
-1.590940,	1.448237

0.000000,	0.000000
0.417833,	0.908524
-1.610453,	-1.434067
-1.594819,	1.451851

0.000000,	0.000000
0.417349,	0.908746
-1.614371,	-1.437640
-1.598698,	1.455466

0.000000,	0.000000
0.416865,	0.908968
-1.618290,	-1.441212
-1.602577,	1.459081

0.000000,	0.000000
0.416381,	0.909190
-1.622208,	-1.444784
-1.606456,	1.462695

0.000000,	0.000000
0.415897,	0.909412
-1.626126,	-1.448356
-1.610335,	1.466310

0.000000,	0.000000
0.415413,	0.909633
-1.630044,	-1.451928
-1.614214,	1.469924

0.000000,	0.000000
0.414929,	0.909854
-1.633962,	-1.455501
-1.618093,	1.473539

0.000000,	0.000000
0.414444,	0.910075
-1.637879,	-1.459073
-1.621972,	1.477153

0.000000,	0.000000
0.413960,	0.910295
-1.641797,	-1.462645
-1.625851,	1.480767

0.000000,	0.000000
0.413475,	0.910515
-1.645715,	-1.466217
-1.629730,	1.484382

0.000000,	0.000000
0.412990,	0.910735
-1.649633,	-1.469789
-1.633609,	1.487996

0.000000,	0.000000
0.412505,	0.910955
-1.653550,	-1.473361
-1.637487,	1.491610

0.000000,	0.000000
0.412020,	0.911175
-1.657468,	-1.476933
-1.641366,	1.495224

0.000000,	0.000000
0.411535,	0.911394
-1.661386,	-1.480504
-1.645245,	1.498839

0.000000,	0.000000
0.411050,	0.911613
-1.665303,	-1.484076
-1.649123,	1.502453

0.000000,	0.000000
0.410565,	0.911831
-1.669221,	-1.487648
-1.653002,	1.506067

0.000000,	0.000000
0.410079,	0.912050
-1.673138,	-1.491220
-1.656881,	1.509681

0.000000,	0.000000
0.409594,	0.912268
-1.677056,	-1.494791
-1.660759,	1.513295

0.000000,	0.000000
0.409108,	0.912486
-1.680973,	-1.498363
-1.664637,	1.516909

0.000000,	0.000000
0.408622,	0.912704
-1.684891,	-1.501935
-1.668516,	1.520523

0.000000,	0.000000
0.408136,	0.912921
-1.688808,	-1.505506
-1.672394,	1.524137

0.000000,	0.000000
0.407650,	0.913138
-1.692725,	-1.509078
-1.676273,	1.527751

0.000000,	0.000000
0.407164,	0.913355
-1.696642,	-1.512649
-1.680151,	1.531365

0.000000,	0.000000
0.406678,	0.913572
-1.700560,	-1.516221
-1.684029,	1.534978

0.000000,	0.000000
0.406191,	0.913788
-1.704477,	-1.519792
-1.687907,	1.538592

0.000000,	0.000000
0.405705,	0.914004
-1.708394,	-1.523364
-1.691785,	1.542206

0.000000,	0.000000
0.405218,	0.914220
-1.712311,	-1.526935
-1.695664,	1.545820

0.000000,	0.000000
0.404732,	0.914436
-1.716228,	-1.530506
-1.699542,	1.549433

0.000000,	0.000000
0.404245,	0.914651
-1.720145,	-1.534078
-1.703420,	1.553047

0.000000,	0.000000
0.403758,	0.914866
-1.724062,	-1.537649
-1.707298,	1.556660

0.000000,	0.000000
0.403271,	0.915081
-1.727979,	-1.541220
-1.711176,	1.560274

0.000000,	0.000000
0.402783,	0.915295
-1.731896,	-1.544791
-1.715054,	1.563888

0.000000,	0.000000
0.402296,	0.915510
-1.735812,	-1.548362
-1.718931,	1.567501

0.000000,	0.000000
0.401809,	0.915724
-1.739729,	-1.551934
-1.722809,	1.571114

0.000000,	0.000000
0.401321,	0.915937
-1.743646,	-1.555505
-1.726687,	1.574728

0.000000,	0.000000
0.400834,	0.916151
-1.747563,	-1.559076
-1.730565,	1.578341

0.000000,	0.000000
0.400346,	0.916364
-1.751479,	-1.562647
-1.734443,	1.581955

0.000000,	0.000000
0.399858,	0.916577
-1.755396,	-1.566218
-1.738320,	1.585568

0.000000,	0.000000
0.399370,	0.916790
-1.759313,	-1.569789
-1.742198,	1.589181

0.000000,	0.000000
0.398882,	0.917002
-1.763229,	-1.573360
-1.746076,	1.592794

0.000000,	0.000000
0.398394,	0.917215
-1.767146,	-1.576931
-1.749953,	1.596408

0.000000,	0.000000
0.397905,	0.917426
-1.771062,	-1.580501
-1.753831,	1.600021

0.000000,	0.000000
0.397417,	0.917638
-1.774979,	-1.584072
-1.757708,	1.603634

0.000000,	0.000000
0.396928,	0.917850
-1.778895,	-1.587643
-1.761586,	1.607247

0.000000,	0.000000
0.396440,	0.918061
-1.782812,	-1.591214
-1.765463,	1.610860

0.000000,	0.000000
0.395951,	0.918272
-1.786728,	-1.594784
-1.769341,	1.614473

0.000000,	0.000000
0.395462,	0.918482
-1.790644,	-1.598355
-1.773218,	1.618086

0.000000,	0.000000
0.394973,	0.918693
-1.794560,	-1.601926
-1.777095,	1.621699

0.000000,	0.000000
0.394484,	0.918903
-1.798477,	-1.605496
-1.780972,	1.625312

0.000000,	0.000000
0.393995,	0.919113
-1.802393,	-1.609067
-1.784850,	1.628925

0.000000,	0.000000
0.393505,	0.919322
-1.806309,	-1.612638
-1.788727,	1.632538

0.000000,	0.000000
0.393016,	0.919532
-1.810225,	-1.616208
-1.792604,	1.636151

0.000000,	0.000000
0.392526,	0.919741
-1.814141,	-1.619779
-1.796481,	1.639763

0.000000,	0.000000
0.392037,	0.919950
-1.818057,	-1.623349
-1.800358,	1.643376

0.000000,	0.000000
0.391547,	0.920158
-1.821973,	-1.626919
-1.804235,	1.646989

0.000000,	0.000000
0.391057,	0.920366
-1.825889,	-1.630490
-1.808112,	1.650602

0.000000,	0.000000
0.390567,	0.920575
-1.829805,	-1.634060
-1.811989,	1.654214

0.000000,	0.000000
0.390077,	0.920782
-1.833721,	-1.637631
-1.815866,	1.657827

0.000000,	0.000000
0.389587,	0.920990
-1.837637,	-1.641201
-1.819743,	1.661440

0.000000,	0.000000
0.389096,	0.921197
-1.841553,	-1.644771
-1.823620,	1.665052

0.000000,	0.000000
0.388606,	0.921404
-1.845469,	-1.648341
-1.827497,	1.668665

0.000000,	0.000000
0.388115,	0.921611
-1.849385,	-1.651912
-1.831374,	1.672277

0.000000,	0.000000
0.387625,	0.921817
-1.853300,	-1.655482
-1.835251,	1.675890

0.000000,	0.000000
0.387134,	0.922024
-1.857216,	-1.659052
-1.839127,	1.679502

0.000000,	0.000000
0.386643,	0.922229
-1.861132,	-1.662622
-1.843004,	1.683115

0.000000,	0.000000
0.386152,	0.922435
-1.865047,	-1.666192
-1.846881,	1.686727

0.000000,	0.000000
0.385661,	0.922641
-1.868963,	-1.669762
-1.850757,	1.690339

0.000000,	0.000000
0.385170,	0.922846
-1.872879,	-1.673332
-1.854634,	1.693952

0.000000,	0.000000
0.384678,	0.923051
-1.876794,	-1.676902
-1.858511,	1.697564

0.000000,	0.000000
0.384187,	0.923255
-1.880710,	-1.680472
-1.862387,	1.701176

0.000000,	0.000000
0.383695,	0.923460
-1.884625,	-1.684042
-1.866264,	1.704789

0.000000,	0.000000
0.383204,	0.923664
-1.888540,	-1.687612
-1.870140,	1.708401

0.000000,	0.000000
0.382712,	0.923868
-1.892456,	-1.691182
-1.874017,	1.712013

0.000000,	0.000000
0.382220,	0.924071
-1.896371,	-1.694752
-1.877893,	1.715625

0.000000,	0.000000
0.381728,	0.924275
-1.900287,	-1.698322
-1.881769,	1.719237

0.000000,	0.000000
0.381236,	0.924478
-1.904202,	-1.701891
-1.885646,	1.722849

0.000000,	0.000000
0.380744,	0.924681
-1.908117,	-1.705461
-1.889522,	1.726462

0.000000,	0.000000
0.380252,	0.924883
-1.912032,	-1.709031
-1.893398,	1.730074

0.000000,	0.000000
0.379759,	0.925085
-1.915948,	-1.712601
-1.897275,	1.733686

0.000000,	0.000000
0.379267,	0.925287
-1.919863,	-1.716170
-1.901151,	1.737298

0.000000,	0.000000
0.378774,	0.925489
-1.923778,	-1.719740
-1.905027,	1.740910

0.000000,	0.000000
0.378281,	0.925691
-1.927693,	-1.723310
-1.908903,	1.744521

0.000000,	0.000000
0.377788,	0.925892
-1.931608,	-1.726879
-1.912779,	1.748133

0.000000,	0.000000
0.377295,	0.926093
-1.935523,	-1.730449
-1.916656,	1.751745

0.000000,	0.000000
0.376802,	0.926294
-1.939438,	-1.734018
-1.920532,	1.755357

0.000000,	0.000000
0.376309,	0.926494
-1.943353,	-1.737588
-1.924408,	1.758969

0.000000,	0.000000
0.375816,	0.926694
-1.947268,	-1.741157
-1.928284,	1.762581

0.000000,	0.000000
0.375323,	0.926894
-1.951183,	-1.744727
-1.932160,	1.766192

0.000000,	0.000000
0.374829,	0.927094
-1.955098,	-1.748296
-1.936036,	1.769804

0.000000,	0.000000
0.374336,	0.927293
-1.959013,	-1.751865
-1.939911,	1.773416

0.000000,	0.000000
0.373842,	0.927492
-1.962928,	-1.755435
-1.943787,	1.777028

0.000000,	0.000000
0.373348,	0.927691
-1.966843,	-1.759004
-1.947663,	1.780639

0.000000,	0.000000
0.372854,	0.927890
-1.970757,	-1.762574
-1.951539,	1.784251

0.000000,	0.000000
0.372360,	0.928088
-1.974672,	-1.766143
-1.955415,	1.787862

0.000000,	0.000000
0.371866,	0.928286
-1.978587,	-1.769712
-1.959291,	1.791474

0.000000,	0.000000
0.371372,	0.928484
-1.982502,	-1.773281
-1.963166,	1.795085

0.000000,	0.000000
0.370878,	0.928682
-1.986416,	-1.776851
-1.967042,	1.798697

0.000000,	0.000000
0.370383,	0.928879
-1.990331,	-1.780420
-1.970918,	1.802308

0.000000,	0.000000
0.369889,	0.929076
-1.994245,	-1.783989
-1.974793,	1.805920

0.000000,	0.000000
0.369394,	0.929273
-1.998160,	-1.787558
-1.978669,	1.809531

0.000000,	0.000000
0.368899,	0.929469
-2.002075,	-1.791127
-1.982545,	1.813143

0.000000,	0.000000
0.368404,	0.929666
-2.005989,	-1.794696
-1.986420,	1.816754

0.000000,	0.000000
0.367909,	0.929862
-2.009904,	-1.798265
-1.990296,	1.820366

0.000000,	0.000000
0.367414,	0.930057
-2.013818,	-1.801834
-1.994171,	1.823977

0.000000,	0.000000
0.366919,	0.930253
-2.017732,	-1.805403
-1.998047,	1.827588

0.000000,	0.000000
0.366424,	0.930448
-2.021647,	-1.808972
-2.001922,	1.831199

0.000000,	0.000000
0.365929,	0.930643
-2.025561,	-1.812541
-2.005797,	1.834811

0.000000,	0.000000
0.365433,	0.930838
-2.029476,	-1.816110
-2.009673,	1.838422

0.000000,	0.000000
0.364938,	0.931032
-2.033390,	-1.819679
-2.013548,	1.842033

0.000000,	0.000000
0.364442,	0.931226
-2.037304,	-1.823248
-2.017424,	1.845644

0.000000,	0.000000
0.363946,	0.931420
-2.041218,	-1.826817
-2.021299,	1.849255

0.000000,	0.000000
0.363450,	0.931614
-2.045133,	-1.830386
-2.025174,	1.852867

