0.000000,	0.000000
0.792599,	0.609744
0.866220,	0.000411
0.866220,	0.000193

0.000000,	0.000000
0.792274,	0.610166
0.860790,	0.000563
0.860790,	0.000038

0.000000,	0.000000
0.791949,	0.610587
0.855360,	0.000714
0.855360,	-0.000118

0.000000,	0.000000
0.791624,	0.611009
0.849929,	0.000866
0.849930,	-0.000274

0.000000,	0.000000
0.791298,	0.611430
0.844498,	0.001018
0.844499,	-0.000429

0.000000,	0.000000
0.790973,	0.611851
0.839067,	0.001170
0.839067,	-0.000585

0.000000,	0.000000
0.790647,	0.612272
0.833635,	0.001322
0.833635,	-0.000741

0.000000,	0.000000
0.790321,	0.612693
0.828202,	0.001474
0.828203,	-0.000896

0.000000,	0.000000
0.789995,	0.613114
0.822770,	0.001626
0.822771,	-0.001052

0.000000,	0.000000
0.789668,	0.613534
0.817337,	0.001778
0.817338,	-0.001207

0.000000,	0.000000
0.789341,	0.613954
0.811903,	0.001930
0.811904,	-0.001363

0.000000,	0.000000
0.789015,	0.614375
0.806469,	0.002082
0.806470,	-0.001518

0.000000,	0.000000
0.788687,	0.614794
0.801035,	0.002234
0.801036,	-0.001674

0.000000,	0.000000
0.788360,	0.615214
0.795600,	0.002386
0.795601,	-0.001830

0.000000,	0.000000
0.788032,	0.615634
0.790165,	0.002538
0.790166,	-0.001985

0.000000,	0.000000
0.787705,	0.616053
0.784729,	0.002690
0.784731,	-0.002141

0.000000,	0.000000
0.787376,	0.616472
0.779293,	0.002842
0.779295,	-0.002296

0.000000,	0.000000
0.787048,	0.616892
0.773856,	0.002994
0.773858,	-0.002452

0.000000,	0.000000
0.786720,	0.617310
0.768419,	0.003146
0.768421,	-0.002607

0.000000,	0.000000
0.786391,	0.617729
0.762981,	0.003298
0.762984,	-0.002763

0.000000,	0.000000
0.786062,	0.618148
0.757543,	0.003450
0.757546,	-0.002918

0.000000,	0.000000
0.785733,	0.618566
0.752105,	0.003602
0.752107,	-0.003073

0.000000,	0.000000
0.785403,	0.618984
0.746666,	0.003754
0.746668,	-0.003229

0.000000,	0.000000
0.785074,	0.619402
0.741226,	0.003906
0.741229,	-0.003384

0.000000,	0.000000
0.784744,	0.619820
0.735786,	0.004058
0.735789,	-0.003540

0.000000,	0.000000
0.784414,	0.620238
0.730346,	0.004210
0.730348,	-0.003695

0.000000,	0.000000
0.784084,	0.620655
0.724904,	0.004362
0.724907,	-0.003851

0.000000,	0.000000
0.783753,	0.621073
0.719463,	0.004514
0.719466,	-0.004006

0.000000,	0.000000
0.783422,	0.621490
0.714021,	0.004667
0.714024,	-0.004161

0.000000,	0.000000
0.783091,	0.621907
0.708578,	0.004819
0.708581,	-0.004317

0.000000,	0.000000
0.782760,	0.622323
0.703135,	0.004971
0.703138,	-0.004472

0.000000,	0.000000
0.782429,	0.622740
0.697691,	0.005123
0.697694,	-0.004627

0.000000,	0.000000
0.782097,	0.623156
0.692246,	0.005275
0.692250,	-0.004783

0.000000,	0.000000
0.781765,	0.623573
0.686801,	0.005427
0.686805,	-0.004938

0.000000,	0.000000
0.781433,	0.623989
0.681356,	0.005579
0.681359,	-0.005093

0.000000,	0.000000
0.781101,	0.624405
0.675909,	0.005731
0.675913,	-0.005249

0.000000,	0.000000
0.780769,	0.624820
0.670463,	0.005883
0.670467,	-0.005404

0.000000,	0.000000
0.780436,	0.625236
0.665015,	0.006036
0.665019,	-0.005559

0.000000,	0.000000
0.780103,	0.625651
0.659567,	0.006188
0.659571,	-0.005714

0.000000,	0.000000
0.779770,	0.626067
0.654118,	0.006340
0.654123,	-0.005870

0.000000,	0.000000
0.779436,	0.626482
0.648669,	0.006492
0.648673,	-0.006025

0.000000,	0.000000
0.779103,	0.626896
0.643219,	0.006644
0.643223,	-0.006180

0.000000,	0.000000
0.778769,	0.627311
0.637768,	0.006796
0.637773,	-0.006335

0.000000,	0.000000
0.778435,	0.627725
0.632317,	0.006948
0.632322,	-0.006490

0.000000,	0.000000
0.778101,	0.628140
0.626865,	0.007100
0.626870,	-0.006645

0.000000,	0.000000
0.777766,	0.628554
0.621412,	0.007253
0.621417,	-0.006801

0.000000,	0.000000
0.777431,	0.628968
0.615958,	0.007405
0.615963,	-0.006956

0.000000,	0.000000
0.777096,	0.629382
0.610504,	0.007557
0.610509,	-0.007111

0.000000,	0.000000
0.776761,	0.629795
0.605049,	0.007709
0.605054,	-0.007266

0.000000,	0.000000
0.776426,	0.630209
0.599593,	0.007861
0.599599,	-0.007421

0.000000,	0.000000
0.776090,	0.630622
0.594137,	0.008013
0.594142,	-0.007576

0.000000,	0.000000
0.775754,	0.631035
0.588679,	0.008165
0.588685,	-0.007731

0.000000,	0.000000
0.775418,	0.631448
0.583221,	0.008318
0.583227,	-0.007886

0.000000,	0.000000
0.775082,	0.631861
0.577762,	0.008470
0.577768,	-0.008041

0.000000,	0.000000
0.774746,	0.632273
0.572302,	0.008622
0.572308,	-0.008196

0.000000,	0.000000
0.774409,	0.632685
0.566842,	0.008774
0.566848,	-0.008351

0.000000,	0.000000
0.774072,	0.633098
0.561380,	0.008926
0.561386,	-0.008506

0.000000,	0.000000
0.773735,	0.633509
0.555918,	0.009078
0.555924,	-0.008661

0.000000,	0.000000
0.773398,	0.633921
0.550454,	0.009230
0.550461,	-0.008816

0.000000,	0.000000
0.773060,	0.634333
0.544990,	0.009382
0.544996,	-0.008971

0.000000,	0.000000
0.772722,	0.634744
0.539525,	0.009534
0.539531,	-0.009126

0.000000,	0.000000
0.772384,	0.635156
0.534059,	0.009686
0.534065,	-0.009280

0.000000,	0.000000
0.772046,	0.635567
0.528592,	0.009839
0.528598,	-0.009435

0.000000,	0.000000
0.771708,	0.635978
0.523123,	0.009991
0.523130,	-0.009590

0.000000,	0.000000
0.771369,	0.636388
0.517654,	0.010143
0.517661,	-0.009745

0.000000,	0.000000
0.771030,	0.636799
0.512184,	0.010295
0.512191,	-0.009900

0.000000,	0.000000
0.770691,	0.637209
0.506713,	0.010447
0.506720,	-0.010054

0.000000,	0.000000
0.770352,	0.637619
0.501240,	0.010599
0.501248,	-0.010209

0.000000,	0.000000
0.770012,	0.638029
0.495767,	0.010751
0.495774,	-0.010364

0.000000,	0.000000
0.769672,	0.638439
0.490292,	0.010903
0.490300,	-0.010518

0.000000,	0.000000
0.769332,	0.638849
0.484816,	0.011054
0.484824,	-0.010673

0.000000,	0.000000
0.768992,	0.639258
0.479339,	0.011206
0.479347,	-0.010827

0.000000,	0.000000
0.768652,	0.639668
0.473861,	0.011358
0.473869,	-0.010982

0.000000,	0.000000
0.768311,	0.640077
0.468382,	0.011510
0.468390,	-0.011136

0.000000,	0.000000
0.767970,	0.640486
0.462901,	0.011662
0.462909,	-0.011291

0.000000,	0.000000
0.767629,	0.640894
0.457419,	0.011814
0.457427,	-0.011445

0.000000,	0.000000
0.767288,	0.641303
0.451936,	0.011966
0.451944,	-0.011600

0.000000,	0.000000
0.766946,	0.641711
0.446451,	0.012117
0.446459,	-0.011754

0.000000,	0.000000
0.766605,	0.642119
0.440965,	0.012269
0.440973,	-0.011908

0.000000,	0.000000
0.766263,	0.642527
0.435477,	0.012421
0.435486,	-0.012062

0.000000,	0.000000
0.765921,	0.642935
0.429988,	0.012572
0.429997,	-0.012217

0.000000,	0.000000
0.765578,	0.643343
0.424498,	0.012724
0.424506,	-0.012371

0.000000,	0.000000
0.765236,	0.643750
0.419006,	0.012876
0.419014,	-0.012525

0.000000,	0.000000
0.764893,	0.644158
0.413512,	0.013027
0.413521,	-0.012679

0.000000,	0.000000
0.764550,	0.644565
0.408017,	0.013179
0.408025,	-0.012833

0.000000,	0.000000
0.764207,	0.644972
0.402520,	0.013330
0.402528,	-0.012987

0.000000,	0.000000
0.763863,	0.645378
0.397021,	0.013481
0.397030,	-0.013141

0.000000,	0.000000
0.763519,	0.645785
0.391520,	0.013633
0.391529,	-0.013295

0.000000,	0.000000
0.763176,	0.646191
0.386018,	0.013784
0.386027,	-0.013448

0.000000,	0.000000
0.762831,	0.646597
0.380514,	0.013935
0.380523,	-0.013602

0.000000,	0.000000
0.762487,	0.647003
0.375008,	0.014086
0.375017,	-0.013756

0.000000,	0.000000
0.762143,	0.647409
0.369499,	0.014237
0.369509,	-0.013909

0.000000,	0.000000
0.761798,	0.647815
0.363989,	0.014388
0.363999,	-0.014063

0.000000,	0.000000
0.761453,	0.648220
0.358477,	0.014539
0.358487,	-0.014216

0.000000,	0.000000
0.761108,	0.648626
0.352962,	0.014690
0.352972,	-0.014369

0.000000,	0.000000
0.760762,	0.649031
0.347446,	0.014841
0.347456,	-0.014522

0.000000,	0.000000
0.760417,	0.649436
0.341927,	0.014992
0.341937,	-0.014675

0.000000,	0.000000
0.760071,	0.649840
0.336405,	0.015142
0.336415,	-0.014828

0.000000,	0.000000
0.759725,	0.650245
0.330881,	0.015293
0.330892,	-0.014981

0.000000,	0.000000
0.759379,	0.650649
0.325355,	0.015443
0.325365,	-0.015134

0.000000,	0.000000
0.759032,	0.651053
0.319826,	0.015593
0.319836,	-0.015286

0.000000,	0.000000
0.758685,	0.651457
0.314294,	0.015743
0.314305,	-0.015439

0.000000,	0.000000
0.758338,	0.651861
0.308759,	0.015893
0.308770,	-0.015591

0.000000,	0.000000
0.757991,	0.652265
0.303222,	0.016043
0.303233,	-0.015743

0.000000,	0.000000
0.757644,	0.652668
0.297681,	0.016193
0.297692,	-0.015895

0.000000,	0.000000
0.757296,	0.653071
0.292138,	0.016342
0.292148,	-0.016047

0.000000,	0.000000
0.756949,	0.653474
0.286591,	0.016491
0.286601,	-0.016199

0.000000,	0.000000
0.756601,	0.653877
0.281040,	0.016641
0.281051,	-0.016350

0.000000,	0.000000
0.756253,	0.654280
0.275486,	0.016790
0.275497,	-0.016502

0.000000,	0.000000
0.755904,	0.654682
0.269929,	0.016938
0.269940,	-0.016653

0.000000,	0.000000
0.755555,	0.655085
0.264367,	0.017087
0.264378,	-0.016803

0.000000,	0.000000
0.755207,	0.655487
0.258802,	0.017235
0.258813,	-0.016954

0.000000,	0.000000
0.754858,	0.655889
0.253232,	0.017383
0.253243,	-0.017104

0.000000,	0.000000
0.754508,	0.656290
0.247658,	0.017530
0.247670,	-0.017254

0.000000,	0.000000
0.754159,	0.656692
0.242080,	0.017678
0.242091,	-0.017404

0.000000,	0.000000
0.753809,	0.657093
0.236496,	0.017825
0.236508,	-0.017553

0.000000,	0.000000
0.753459,	0.657495
0.230908,	0.017971
0.230920,	-0.017702

0.000000,	0.000000
0.753109,	0.657896
0.225315,	0.018118
0.225327,	-0.017850

0.000000,	0.000000
0.752759,	0.658296
0.219716,	0.018263
0.219728,	-0.017998

0.000000,	0.000000
0.752408,	0.658697
0.214111,	0.018409
0.214123,	-0.018146

0.000000,	0.000000
0.752058,	0.659097
0.208501,	0.018553
0.208513,	-0.018293

0.000000,	0.000000
0.751707,	0.659498
0.202884,	0.018698
0.202896,	-0.018439

0.000000,	0.000000
0.751355,	0.659898
0.197260,	0.018841
0.197272,	-0.018585

0.000000,	0.000000
0.751004,	0.660298
0.191629,	0.018984
0.191641,	-0.018731

0.000000,	0.000000
0.750652,	0.660697
0.185990,	0.019126
0.186003,	-0.018875

0.000000,	0.000000
0.750301,	0.661097
0.180344,	0.019268
0.180356,	-0.019019

0.000000,	0.000000
0.749949,	0.661496
0.174689,	0.019408
0.174702,	-0.019161

0.000000,	0.000000
0.749596,	0.661895
0.169025,	0.019547
0.169038,	-0.019303

0.000000,	0.000000
0.749244,	0.662294
0.163352,	0.019686
0.163364,	-0.019444

0.000000,	0.000000
0.748891,	0.662693
0.157668,	0.019823
0.157680,	-0.019583

0.000000,	0.000000
0.748538,	0.663092
0.151973,	0.019959
0.151985,	-0.019721

0.000000,	0.000000
0.748185,	0.663490
0.146266,	0.020093
0.146279,	-0.019858

0.000000,	0.000000
0.747832,	0.663888
0.140547,	0.020225
0.140559,	-0.019993

0.000000,	0.000000
0.747478,	0.664286
0.134813,	0.020356
0.134826,	-0.020125

0.000000,	0.000000
0.747125,	0.664684
0.129065,	0.020484
0.129078,	-0.020256

0.000000,	0.000000
0.746771,	0.665082
0.123301,	0.020609
0.123313,	-0.020384

0.000000,	0.000000
0.746416,	0.665479
0.117519,	0.020732
0.117531,	-0.020509

0.000000,	0.000000
0.746062,	0.665876
0.111717,	0.020851
0.111730,	-0.020631

0.000000,	0.000000
0.745708,	0.666273
0.105894,	0.020966
0.105907,	-0.020748

0.000000,	0.000000
0.745353,	0.666670
0.100047,	0.021077
0.100060,	-0.020861

0.000000,	0.000000
0.744998,	0.667067
0.094175,	0.021182
0.094187,	-0.020969

0.000000,	0.000000
0.744643,	0.667463
0.088272,	0.021280
0.088285,	-0.021070

0.000000,	0.000000
0.744287,	0.667860
0.082337,	0.021371
0.082349,	-0.021163

0.000000,	0.000000
0.743931,	0.668256
0.076364,	0.021451
0.076376,	-0.021246

0.000000,	0.000000
0.743576,	0.668652
0.070347,	0.021519
0.070359,	-0.021318

0.000000,	0.000000
0.743220,	0.669048
0.064282,	0.021573
0.064293,	-0.021374

0.000000,	0.000000
0.742863,	0.669443
0.058158,	0.021606
0.058168,	-0.021411

0.000000,	0.000000
0.742507,	0.669838
0.051965,	0.021614
0.051975,	-0.021422

0.000000,	0.000000
0.742150,	0.670234
0.045691,	0.021588
0.045699,	-0.021399

0.000000,	0.000000
0.741793,	0.670629
0.039316,	0.021514
0.039324,	-0.021329

0.000000,	0.000000
0.741436,	0.671023
0.032819,	0.021372
0.032824,	-0.021191

0.000000,	0.000000
0.741079,	0.671418
0.026167,	0.021128
0.026169,	-0.020951

0.000000,	0.000000
0.740721,	0.671812
0.019322,	0.020725
0.019318,	-0.020551

0.000000,	0.000000
0.740364,	0.672207
0.012240,	0.020060
0.012227,	-0.019888

0.000000,	0.000000
0.740006,	0.672601
0.004901,	0.018952
0.004876,	-0.018777

0.000000,	0.000000
0.739647,	0.672995
-0.002599,	0.017139
-0.002641,	-0.016949

0.000000,	0.000000
0.739289,	0.673388
-0.009952,	0.014438
-0.010005,	-0.014215

0.000000,	0.000000
0.738931,	0.673782
-0.016818,	0.011003
-0.016865,	-0.010738

0.000000,	0.000000
0.738572,	0.674175
-0.023117,	0.007175
-0.023148,	-0.006871

0.000000,	0.000000
0.738213,	0.674568
-0.028959,	0.003193
-0.028969,	-0.002855

0.000000,	0.000000
0.737854,	0.674961
-0.034470,	-0.000829
-0.034458,	0.001198

0.000000,	0.000000
0.737494,	0.675354
-0.039741,	-0.004849
-0.039708,	0.005245

0.000000,	0.000000
0.737135,	0.675746
-0.044838,	-0.008847
-0.044783,	0.009270

0.000000,	0.000000
0.736775,	0.676138
-0.049801,	-0.012821
-0.049725,	0.013269

0.000000,	0.000000
0.736415,	0.676530
-0.054661,	-0.016768
-0.054565,	0.017240

0.000000,	0.000000
0.736054,	0.676922
-0.059438,	-0.020689
-0.059322,	0.021185

0.000000,	0.000000
0.735694,	0.677314
-0.064149,	-0.024588
-0.064012,	0.025106

0.000000,	0.000000
0.735333,	0.677706
-0.068803,	-0.028465
-0.068647,	0.029006

0.000000,	0.000000
0.734972,	0.678097
-0.073411,	-0.032323
-0.073235,	0.032886

0.000000,	0.000000
0.734611,	0.678488
-0.077978,	-0.036163
-0.077784,	0.036748

0.000000,	0.000000
0.734250,	0.678879
-0.082511,	-0.039988
-0.082298,	0.040594

0.000000,	0.000000
0.733889,	0.679270
-0.087014,	-0.043797
-0.086782,	0.044426

0.000000,	0.000000
0.733527,	0.679661
-0.091490,	-0.047594
-0.091239,	0.048244

0.000000,	0.000000
0.733165,	0.680051
-0.095943,	-0.051378
-0.095674,	0.052049

0.000000,	0.000000
0.732803,	0.680441
-0.100375,	-0.055151
-0.100087,	0.055843

0.000000,	0.000000
0.732440,	0.680831
-0.104789,	-0.058914
-0.104482,	0.059627

0.000000,	0.000000
0.732078,	0.681221
-0.109185,	-0.062667
-0.108860,	0.063401

0.000000,	0.000000
0.731715,	0.681611
-0.113566,	-0.066411
-0.113223,	0.067167

0.000000,	0.000000
0.731352,	0.682000
-0.117933,	-0.070147
-0.117572,	0.070924

0.000000,	0.000000
0.730989,	0.682389
-0.122287,	-0.073876
-0.121908,	0.074673

0.000000,	0.000000
0.730626,	0.682778
-0.126629,	-0.077597
-0.126232,	0.078415

0.000000,	0.000000
0.730262,	0.683167
-0.130961,	-0.081312
-0.130546,	0.082150

0.000000,	0.000000
0.729898,	0.683556
-0.135282,	-0.085021
-0.134849,	0.085880

0.000000,	0.000000
0.729534,	0.683944
-0.139595,	-0.088723
-0.139143,	0.089603

0.000000,	0.000000
0.729170,	0.684332
-0.143898,	-0.092420
-0.143429,	0.093321

0.000000,	0.000000
0.728806,	0.684721
-0.148193,	-0.096112
-0.147706,	0.097033

0.000000,	0.000000
0.728441,	0.685108
-0.152481,	-0.099800
-0.151977,	0.100741

0.000000,	0.000000
0.728076,	0.685496
-0.156762,	-0.103482
-0.156240,	0.104443

0.000000,	0.000000
0.727711,	0.685884
-0.161036,	-0.107160
-0.160496,	0.108142

0.000000,	0.000000
0.727346,	0.686271
-0.165304,	-0.110834
-0.164746,	0.111836

0.000000,	0.000000
0.726981,	0.686658
-0.169566,	-0.114504
-0.168990,	0.115527

0.000000,	0.000000
0.726615,	0.687045
-0.173822,	-0.118170
-0.173229,	0.119213

0.000000,	0.000000
0.726249,	0.687432
-0.178074,	-0.121833
-0.177463,	0.122896

0.000000,	0.000000
0.725883,	0.687818
-0.182320,	-0.125492
-0.181691,	0.126576

0.000000,	0.000000
0.725517,	0.688204
-0.186561,	-0.129148
-0.185915,	0.130252

0.000000,	0.000000
0.725150,	0.688591
-0.190798,	-0.132801
-0.190135,	0.133925

0.000000,	0.000000
0.724784,	0.688976
-0.195031,	-0.136451
-0.194350,	0.137595

0.000000,	0.000000
0.724417,	0.689362
-0.199260,	-0.140098
-0.198561,	0.141262

0.000000,	0.000000
0.724050,	0.689748
-0.203484,	-0.143742
-0.202768,	0.144927

0.000000,	0.000000
0.723682,	0.690133
-0.207706,	-0.147384
-0.206972,	0.148589

0.000000,	0.000000
0.723315,	0.690518
-0.211923,	-0.151023
-0.211172,	0.152248

0.000000,	0.000000
0.722947,	0.690903
-0.216137,	-0.154660
-0.215369,	0.155905

0.000000,	0.000000
0.722579,	0.691288
-0.220348,	-0.158295
-0.219562,	0.159560

0.000000,	0.000000
0.722211,	0.691672
-0.224556,	-0.161927
-0.223753,	0.163212

0.000000,	0.000000
0.721843,	0.692057
-0.228761,	-0.165557
-0.227940,	0.166862

0.000000,	0.000000
0.721474,	0.692441
-0.232963,	-0.169185
-0.232125,	0.170510

0.000000,	0.000000
0.721106,	0.692825
-0.237162,	-0.172811
-0.236307,	0.174157

0.000000,	0.000000
0.720737,	0.693209
-0.241359,	-0.176436
-0.240486,	0.177801

0.000000,	0.000000
0.720368,	0.693592
-0.245553,	-0.180058
-0.244663,	0.181443

0.000000,	0.000000
0.719998,	0.693976
-0.249745,	-0.183678
-0.248837,	0.185084

0.000000,	0.000000
0.719629,	0.694359
-0.253934,	-0.187297
-0.253009,	0.188723

0.000000,	0.000000
0.719259,	0.694742
-0.258121,	-0.190914
-0.257179,	0.192360

0.000000,	0.000000
0.718889,	0.695125
-0.262306,	-0.194530
-0.261347,	0.195995

0.000000,	0.000000
0.718519,	0.695507
-0.266489,	-0.198144
-0.265512,	0.199629

0.000000,	0.000000
0.718149,	0.695890
-0.270669,	-0.201756
-0.269675,	0.203262

0.000000,	0.000000
0.717778,	0.696272
-0.274848,	-0.205367
-0.273837,	0.206893

0.000000,	0.000000
0.717407,	0.696654
-0.279025,	-0.208977
-0.277996,	0.210522

0.000000,	0.000000
0.717036,	0.697036
-0.283200,	-0.212585
-0.282154,	0.214150

0.000000,	0.000000
0.716665,	0.697417
-0.287373,	-0.216192
-0.286310,	0.217777

0.000000,	0.000000
0.716294,	0.697799
-0.291545,	-0.219797
-0.290464,	0.221402

0.000000,	0.000000
0.715922,	0.698180
-0.295714,	-0.223401
-0.294617,	0.225027

0.000000,	0.000000
0.715551,	0.698561
-0.299883,	-0.227004
-0.298768,	0.228650

0.000000,	0.000000
0.715179,	0.698942
-0.304049,	-0.230606
-0.302917,	0.232271

0.000000,	0.000000
0.714806,	0.699322
-0.308214,	-0.234207
-0.307065,	0.235892

0.000000,	0.000000
0.714434,	0.699703
-0.312378,	-0.237806
-0.311211,	0.239511

0.000000,	0.000000
0.714061,	0.700083
-0.316540,	-0.241405
-0.315356,	0.243130

0.000000,	0.000000
0.713689,	0.700463
-0.320700,	-0.245002
-0.319499,	0.246747

0.000000,	0.000000
0.713316,	0.700843
-0.324860,	-0.248598
-0.323641,	0.250363

0.000000,	0.000000
0.712943,	0.701222
-0.329018,	-0.252193
-0.327782,	0.253978

0.000000,	0.000000
0.712569,	0.701602
-0.333174,	-0.255788
-0.331921,	0.257592

0.000000,	0.000000
0.712196,	0.701981
-0.337330,	-0.259381
-0.336060,	0.261206

0.000000,	0.000000
0.711822,	0.702360
-0.341484,	-0.262973
-0.340197,	0.264818

0.000000,	0.000000
0.711448,	0.702739
-0.345637,	-0.266565
-0.344332,	0.268429

0.000000,	0.000000
0.711074,	0.703118
-0.349789,	-0.270155
-0.348467,	0.272039

0.000000,	0.000000
0.710699,	0.703496
-0.353939,	-0.273745
-0.352600,	0.275649

0.000000,	0.000000
0.710325,	0.703874
-0.358089,	-0.277334
-0.356733,	0.279258

0.000000,	0.000000
0.709950,	0.704252
-0.362237,	-0.280921
-0.360864,	0.282866

0.000000,	0.000000
0.709575,	0.704630
-0.366385,	-0.284509
-0.364994,	0.286473

0.000000,	0.000000
0.709200,	0.705008
-0.370531,	-0.288095
-0.369124,	0.290079

0.000000,	0.000000
0.708824,	0.705385
-0.374676,	-0.291680
-0.373252,	0.293684

0.000000,	0.000000
0.708449,	0.705762
-0.378821,	-0.295265
-0.377379,	0.297289

0.000000,	0.000000
0.708073,	0.706140
-0.382964,	-0.298849
-0.381505,	0.300893

0.000000,	0.000000
0.707697,	0.706516
-0.387107,	-0.302432
-0.385631,	0.304496

0.000000,	0.000000
0.707321,	0.706893
-0.391248,	-0.306015
-0.389755,	0.308098

0.000000,	0.000000
0.706944,	0.707269
-0.395389,	-0.309597
-0.393879,	0.311700

0.000000,	0.000000
0.706567,	0.707646
-0.399529,	-0.313178
-0.398001,	0.315301

0.000000,	0.000000
0.706191,	0.708022
-0.403668,	-0.316759
-0.402123,	0.318901

0.000000,	0.000000
0.705814,	0.708398
-0.407806,	-0.320338
-0.406244,	0.322501

0.000000,	0.000000
0.705436,	0.708773
-0.411943,	-0.323918
-0.410364,	0.326100

0.000000,	0.000000
0.705059,	0.709149
-0.416080,	-0.327496
-0.414483,	0.329699

0.000000,	0.000000
0.704681,	0.709524
-0.420215,	-0.331074
-0.418602,	0.333296

0.000000,	0.000000
0.704304,	0.709899
-0.424350,	-0.334651
-0.422720,	0.336894

0.000000,	0.000000
0.703926,	0.710274
-0.428484,	-0.338228
-0.426837,	0.340490

0.000000,	0.000000
0.703547,	0.710648
-0.432618,	-0.341804
-0.430953,	0.344086

0.000000,	0.000000
0.703169,	0.711023
-0.436750,	-0.345380
-0.435069,	0.347682

0.000000,	0.000000
0.702790,	0.711397
-0.440882,	-0.348955
-0.439183,	0.351276

0.000000,	0.000000
0.702412,	0.711771
-0.445014,	-0.352529
-0.443298,	0.354871

0.000000,	0.000000
0.702033,	0.712145
-0.449144,	-0.356103
-0.447411,	0.358465

0.000000,	0.000000
0.701653,	0.712518
-0.453274,	-0.359677
-0.451524,	0.362058

0.000000,	0.000000
0.701274,	0.712892
-0.457404,	-0.363250
-0.455636,	0.365650

0.000000,	0.000000
0.700894,	0.713265
-0.461532,	-0.366822
-0.459748,	0.369243

0.000000,	0.000000
0.700515,	0.713638
-0.465660,	-0.370394
-0.463858,	0.372834

0.000000,	0.000000
0.700135,	0.714011
-0.469788,	-0.373965
-0.467969,	0.376426

0.000000,	0.000000
0.699754,	0.714383
-0.473914,	-0.377536
-0.472078,	0.380016

0.000000,	0.000000
0.699374,	0.714756
-0.478041,	-0.381106
-0.476187,	0.383607

0.000000,	0.000000
0.698993,	0.715128
-0.482166,	-0.384676
-0.480296,	0.387196

0.000000,	0.000000
0.698613,	0.715500
-0.486291,	-0.388246
-0.484404,	0.390786

0.000000,	0.000000
0.698232,	0.715872
-0.490416,	-0.391815
-0.488511,	0.394374

0.000000,	0.000000
0.697850,	0.716243
-0.494539,	-0.395383
-0.492618,	0.397963

0.000000,	0.000000
0.697469,	0.716615
-0.498663,	-0.398952
-0.496724,	0.401551

0.000000,	0.000000
0.697087,	0.716986
-0.502786,	-0.402519
-0.500830,	0.405138

0.000000,	0.000000
0.696706,	0.717357
-0.506908,	-0.406087
-0.504935,	0.408725

0.000000,	0.000000
0.696324,	0.717728
-0.511030,	-0.409653
-0.509040,	0.412312

0.000000,	0.000000
0.695942,	0.718098
-0.515151,	-0.413220
-0.513144,	0.415898

0.000000,	0.000000
0.695559,	0.718469
-0.519272,	-0.416786
-0.517247,	0.419484

0.000000,	0.000000
0.695177,	0.718839
-0.523392,	-0.420352
-0.521351,	0.423070

0.000000,	0.000000
0.694794,	0.719209
-0.527512,	-0.423917
-0.525453,	0.426655

0.000000,	0.000000
0.694411,	0.719579
-0.531631,	-0.427482
-0.529555,	0.430240

0.000000,	0.000000
0.694028,	0.719948
-0.535750,	-0.431046
-0.533657,	0.433824

0.000000,	0.000000
0.693644,	0.720318
-0.539868,	-0.434610
-0.537758,	0.437408

0.000000,	0.000000
0.693261,	0.720687
-0.543986,	-0.438174
-0.541859,	0.440991

0.000000,	0.000000
0.692877,	0.721056
-0.548103,	-0.441737
-0.545959,	0.444575

0.000000,	0.000000
0.692493,	0.721424
-0.552220,	-0.445300
-0.550059,	0.448157

0.000000,	0.000000
0.692109,	0.721793
-0.556337,	-0.448863
-0.554159,	0.451740

0.000000,	0.000000
0.691725,	0.722161
-0.560453,	-0.452426
-0.558258,	0.455322

0.000000,	0.000000
0.691340,	0.722529
-0.564569,	-0.455988
-0.562356,	0.458904

0.000000,	0.000000
0.690955,	0.722897
-0.568684,	-0.459549
-0.566455,	0.462485

0.000000,	0.000000
0.690570,	0.723265
-0.572799,	-0.463111
-0.570552,	0.466067

0.000000,	0.000000
0.690185,	0.723633
-0.576913,	-0.466672
-0.574650,	0.469647

0.000000,	0.000000
0.689800,	0.724000
-0.581027,	-0.470232
-0.578747,	0.473228

0.000000,	0.000000
0.689415,	0.724367
-0.585141,	-0.473793
-0.582843,	0.476808

0.000000,	0.000000
0.689029,	0.724734
-0.589254,	-0.477353
-0.586940,	0.480388

0.000000,	0.000000
0.688643,	0.725101
-0.593367,	-0.480912
-0.591035,	0.483968

0.000000,	0.000000
0.688257,	0.725467
-0.597480,	-0.484472
-0.595131,	0.487547

0.000000,	0.000000
0.687871,	0.725833
-0.601592,	-0.488031
-0.599226,	0.491126

0.000000,	0.000000
0.687484,	0.726199
-0.605704,	-0.491590
-0.603321,	0.494704

0.000000,	0.000000
0.687097,	0.726565
-0.609815,	-0.495148
-0.607415,	0.498283

0.000000,	0.000000
0.686710,	0.726931
-0.613926,	-0.498707
-0.611509,	0.501861

0.000000,	0.000000
0.686323,	0.727296
-0.618037,	-0.502265
-0.615603,	0.505439

0.000000,	0.000000
0.685936,	0.727662
-0.622148,	-0.505822
-0.619696,	0.509016

0.000000,	0.000000
0.685549,	0.728027
-0.626258,	-0.509380
-0.623789,	0.512593

0.000000,	0.000000
0.685161,	0.728392
-0.630367,	-0.512937
-0.627882,	0.516170

0.000000,	0.000000
0.684773,	0.728756
-0.634477,	-0.516494
-0.631974,	0.519747

0.000000,	0.000000
0.684385,	0.729121
-0.638586,	-0.520051
-0.636066,	0.523324

0.000000,	0.000000
0.683997,	0.729485
-0.642695,	-0.523607
-0.640158,	0.526900

0.000000,	0.000000
0.683608,	0.729849
-0.646803,	-0.527163
-0.644249,	0.530476

0.000000,	0.000000
0.683220,	0.730213
-0.650911,	-0.530719
-0.648340,	0.534051

0.000000,	0.000000
0.682831,	0.730576
-0.655019,	-0.534274
-0.652431,	0.537627

0.000000,	0.000000
0.682442,	0.730940
-0.659127,	-0.537830
-0.656521,	0.541202

0.000000,	0.000000
0.682053,	0.731303
-0.663234,	-0.541385
-0.660611,	0.544777

0.000000,	0.000000
0.681663,	0.731666
-0.667341,	-0.544940
-0.664701,	0.548351

0.000000,	0.000000
0.681274,	0.732029
-0.671447,	-0.548494
-0.668791,	0.551926

0.000000,	0.000000
0.680884,	0.732391
-0.675554,	-0.552049
-0.672880,	0.555500

0.000000,	0.000000
0.680494,	0.732754
-0.679660,	-0.555603
-0.676969,	0.559074

0.000000,	0.000000
0.680104,	0.733116
-0.683765,	-0.559157
-0.681058,	0.562648

0.000000,	0.000000
0.679714,	0.733478
-0.687871,	-0.562711
-0.685146,	0.566221

0.000000,	0.000000
0.679323,	0.733839
-0.691976,	-0.566264
-0.689234,	0.569794

0.000000,	0.000000
0.678932,	0.734201
-0.696081,	-0.569817
-0.693322,	0.573367

0.000000,	0.000000
0.678541,	0.734562
-0.700186,	-0.573370
-0.697410,	0.576940

0.000000,	0.000000
0.678150,	0.734923
-0.704290,	-0.576923
-0.701497,	0.580513

0.000000,	0.000000
0.677759,	0.735284
-0.708394,	-0.580476
-0.705584,	0.584085

0.000000,	0.000000
0.677367,	0.735645
-0.712498,	-0.584028
-0.709671,	0.587657

0.000000,	0.000000
0.676976,	0.736005
-0.716602,	-0.587580
-0.713757,	0.591229

0.000000,	0.000000
0.676584,	0.736366
-0.720705,	-0.591132
-0.717844,	0.594801

0.000000,	0.000000
0.676192,	0.736726
-0.724808,	-0.594684
-0.721930,	0.598373

0.000000,	0.000000
0.675799,	0.737086
-0.728911,	-0.598235
-0.726015,	0.601944

0.000000,	0.000000
0.675407,	0.737445
-0.733014,	-0.601787
-0.730101,	0.605515

0.000000,	0.000000
0.675014,	0.737805
-0.737116,	-0.605338
-0.734186,	0.609086

0.000000,	0.000000
0.674621,	0.738164
-0.741218,	-0.608889
-0.738271,	0.612657

0.000000,	0.000000
0.674228,	0.738523
-0.745320,	-0.612440
-0.742356,	0.616227

0.000000,	0.000000
0.673835,	0.738882
-0.749422,	-0.615990
-0.746441,	0.619798

0.000000,	0.000000
0.673442,	0.739240
-0.753523,	-0.619541
-0.750525,	0.623368

0.000000,	0.000000
0.673048,	0.739599
-0.757625,	-0.623091
-0.754609,	0.626938

0.000000,	0.000000
0.672654,	0.739957
-0.761726,	-0.626641
-0.758693,	0.630508

0.000000,	0.000000
0.672260,	0.740315
-0.765826,	-0.630191
-0.762777,	0.634077

0.000000,	0.000000
0.671866,	0.740673
-0.769927,	-0.633740
-0.766860,	0.637647

0.000000,	0.000000
0.671472,	0.741030
-0.774027,	-0.637290
-0.770944,	0.641216

0.000000,	0.000000
0.671077,	0.741388
-0.778127,	-0.640839
-0.775027,	0.644785

0.000000,	0.000000
0.670682,	0.741745
-0.782227,	-0.644388
-0.779109,	0.648354

0.000000,	0.000000
0.670287,	0.742102
-0.786327,	-0.647937
-0.783192,	0.651923

0.000000,	0.000000
0.669892,	0.742458
-0.790426,	-0.651486
-0.787274,	0.655491

0.000000,	0.000000
0.669497,	0.742815
-0.794526,	-0.655034
-0.791357,	0.659060

0.000000,	0.000000
0.669101,	0.743171
-0.798625,	-0.658583
-0.795439,	0.662628

0.000000,	0.000000
0.668706,	0.743527
-0.802724,	-0.662131
-0.799520,	0.666196

0.000000,	0.000000
0.668310,	0.743883
-0.806822,	-0.665679
-0.803602,	0.669764

0.000000,	0.000000
0.667914,	0.744239
-0.810921,	-0.669227
-0.807683,	0.673332

0.000000,	0.000000
0.667517,	0.744594
-0.815019,	-0.672775
-0.811765,	0.676899

0.000000,	0.000000
0.667121,	0.744950
-0.819117,	-0.676322
-0.815845,	0.680467

0.000000,	0.000000
0.666724,	0.745305
-0.823215,	-0.679870
-0.819926,	0.684034

0.000000,	0.000000
0.666327,	0.745659
-0.827313,	-0.683417
-0.824007,	0.687601

0.000000,	0.000000
0.665930,	0.746014
-0.831410,	-0.686964
-0.828087,	0.691168

0.000000,	0.000000
0.665533,	0.746368
-0.835507,	-0.690511
-0.832168,	0.694734

0.000000,	0.000000
0.665136,	0.746723
-0.839605,	-0.694058
-0.836248,	0.698301

0.000000,	0.000000
0.664738,	0.747077
-0.843702,	-0.697605
-0.840327,	0.701868

0.000000,	0.000000
0.664340,	0.747430
-0.847798,	-0.701151
-0.844407,	0.705434

0.000000,	0.000000
0.663942,	0.747784
-0.851895,	-0.704698
-0.848487,	0.709000

0.000000,	0.000000
0.663544,	0.748137
-0.855991,	-0.708244
-0.852566,	0.712566

0.000000,	0.000000
0.663146,	0.748490
-0.860088,	-0.711790
-0.856645,	0.716132

0.000000,	0.000000
0.662747,	0.748843
-0.864184,	-0.715336
-0.860724,	0.719698

0.000000,	0.000000
0.662348,	0.749196
-0.868280,	-0.718882
-0.864803,	0.723263

0.000000,	0.000000
0.661950,	0.749548
-0.872375,	-0.722427
-0.868882,	0.726829

0.000000,	0.000000
0.661550,	0.749901
-0.876471,	-0.725973
-0.872960,	0.730394

0.000000,	0.000000
0.661151,	0.750253
-0.880566,	-0.729518
-0.877038,	0.733959

0.000000,	0.000000
0.660752,	0.750605
-0.884661,	-0.733064
-0.881116,	0.737524

0.000000,	0.000000
0.660352,	0.750956
-0.888756,	-0.736609
-0.885194,	0.741089

0.000000,	0.000000
0.659952,	0.751308
-0.892851,	-0.740154
-0.889272,	0.744654

0.000000,	0.000000
0.659552,	0.751659
-0.896946,	-0.743698
-0.893350,	0.748218

0.000000,	0.000000
0.659152,	0.752010
-0.901041,	-0.747243
-0.897427,	0.751783

0.000000,	0.000000
0.658751,	0.752361
-0.905135,	-0.750788
-0.901505,	0.755347

0.000000,	0.000000
0.658351,	0.752711
-0.909229,	-0.754332
-0.905582,	0.758911

0.000000,	0.000000
0.657950,	0.753062
-0.913323,	-0.757876
-0.909659,	0.762476

0.000000,	0.000000
0.657549,	0.753412
-0.917417,	-0.761421
-0.913736,	0.766039

0.000000,	0.000000
0.657148,	0.753762
-0.921511,	-0.764965
-0.917812,	0.769603

0.000000,	0.000000
0.656747,	0.754111
-0.925605,	-0.768509
-0.921889,	0.773167

0.000000,	0.000000
0.656345,	0.754461
-0.929698,	-0.772052
-0.925965,	0.776731

0.000000,	0.000000
0.655943,	0.754810
-0.933792,	-0.775596
-0.930042,	0.780294

0.000000,	0.000000
0.655541,	0.755159
-0.937885,	-0.779140
-0.934118,	0.783857

0.000000,	0.000000
0.655139,	0.755508
-0.941978,	-0.782683
-0.938194,	0.787421

0.000000,	0.000000
0.654737,	0.755857
-0.946071,	-0.786226
-0.942269,	0.790984

0.000000,	0.000000
0.654334,	0.756205
-0.950164,	-0.789770
-0.946345,	0.794547

0.000000,	0.000000
0.653932,	0.756553
-0.954256,	-0.793313
-0.950421,	0.798110

0.000000,	0.000000
0.653529,	0.756901
-0.958349,	-0.796856
-0.954496,	0.801672

0.000000,	0.000000
0.653126,	0.757249
-0.962441,	-0.800399
-0.958571,	0.805235

0.000000,	0.000000
0.652723,	0.757597
-0.966533,	-0.803941
-0.962646,	0.808797

0.000000,	0.000000
0.652319,	0.757944
-0.970625,	-0.807484
-0.966721,	0.812360

0.000000,	0.000000
0.651916,	0.758291
-0.974717,	-0.811026
-0.970796,	0.815922

0.000000,	0.000000
0.651512,	0.758638
-0.978809,	-0.814569
-0.974871,	0.819484

0.000000,	0.000000
0.651108,	0.758985
-0.982901,	-0.818111
-0.978946,	0.823046

0.000000,	0.000000
0.650704,	0.759332
-0.986992,	-0.821653
-0.983020,	0.826608

0.000000,	0.000000
0.650300,	0.759678
-0.991084,	-0.825195
-0.987094,	0.830170

0.000000,	0.000000
0.649895,	0.760024
-0.995175,	-0.828737
-0.991168,	0.833732

0.000000,	0.000000
0.649490,	0.760370
-0.999266,	-0.832279
-0.995242,	0.837294

0.000000,	0.000000
0.649086,	0.760715
-1.003357,	-0.835821
-0.999316,	0.840855

0.000000,	0.000000
0.648681,	0.761061
-1.007448,	-0.839362
-1.003390,	0.844416

0.000000,	0.000000
0.648275,	0.761406
-1.011539,	-0.842904
-1.007464,	0.847978

0.000000,	0.000000
0.647870,	0.761751
-1.015629,	-0.846445
-1.011537,	0.851539

0.000000,	0.000000
0.647464,	0.762096
-1.019720,	-0.849987
-1.015611,	0.855100

0.000000,	0.000000
0.647059,	0.762440
-1.023810,	-0.853528
-1.019684,	0.858661

0.000000,	0.000000
0.646653,	0.762785
-1.027900,	-0.857069
-1.023757,	0.862222

0.000000,	0.000000
0.646246,	0.763129
-1.031991,	-0.860610
-1.027830,	0.865783

0.000000,	0.000000
0.645840,	0.763473
-1.036081,	-0.864151
-1.031903,	0.869343

0.000000,	0.000000
0.645434,	0.763816
-1.040171,	-0.867692
-1.035976,	0.872904

0.000000,	0.000000
0.645027,	0.764160
-1.044260,	-0.871233
-1.040049,	0.876465

0.000000,	0.000000
0.644620,	0.764503
-1.048350,	-0.874773
-1.044121,	0.880025

0.000000,	0.000000
0.644213,	0.764846
-1.052440,	-0.878314
-1.048194,	0.883585

0.000000,	0.000000
0.643806,	0.765189
-1.056529,	-0.881854
-1.052266,	0.887145

0.000000,	0.000000
0.643398,	0.765532
-1.060618,	-0.885394
-1.056338,	0.890706

0.000000,	0.000000
0.642991,	0.765874
-1.064708,	-0.888935
-1.060410,	0.894266

0.000000,	0.000000
0.642583,	0.766216
-1.068797,	-0.892475
-1.064482,	0.897826

0.000000,	0.000000
0.642175,	0.766558
-1.072886,	-0.896015
-1.068554,	0.901385

0.000000,	0.000000
0.641767,	0.766900
-1.076975,	-0.899555
-1.072626,	0.904945

0.000000,	0.000000
0.641358,	0.767241
-1.081063,	-0.903095
-1.076698,	0.908505

0.000000,	0.000000
0.640950,	0.767583
-1.085152,	-0.906635
-1.080769,	0.912064

0.000000,	0.000000
0.640541,	0.767924
-1.089241,	-0.910174
-1.084841,	0.915624

0.000000,	0.000000
0.640132,	0.768265
-1.093329,	-0.913714
-1.088912,	0.919183

0.000000,	0.000000
0.639723,	0.768605
-1.097417,	-0.917253
-1.092983,	0.922742

0.000000,	0.000000
0.639314,	0.768946
-1.101506,	-0.920793
-1.097055,	0.926302

0.000000,	0.000000
0.638904,	0.769286
-1.105594,	-0.924332
-1.101126,	0.929861

0.000000,	0.000000
0.638495,	0.769626
-1.109682,	-0.927871
-1.105196,	0.933420

0.000000,	0.000000
0.638085,	0.769966
-1.113770,	-0.931410
-1.109267,	0.936979

0.000000,	0.000000
0.637675,	0.770305
-1.117857,	-0.934950
-1.113338,	0.940537

0.000000,	0.000000
0.637265,	0.770645
-1.121945,	-0.938489
-1.117409,	0.944096

0.000000,	0.000000
0.636855,	0.770984
-1.126033,	-0.942027
-1.121479,	0.947655

0.000000,	0.000000
0.636444,	0.771323
-1.130120,	-0.945566
-1.125550,	0.951214

0.000000,	0.000000
0.636033,	0.771662
-1.134208,	-0.949105
-1.129620,	0.954772

0.000000,	0.000000
0.635622,	0.772000
-1.138295,	-0.952644
-1.133690,	0.958330

0.000000,	0.000000
0.635211,	0.772338
-1.142382,	-0.956182
-1.137760,	0.961889

0.000000,	0.000000
0.634800,	0.772676
-1.146469,	-0.959721
-1.141830,	0.965447

0.000000,	0.000000
0.634389,	0.773014
-1.150556,	-0.963259
-1.145900,	0.969005

0.000000,	0.000000
0.633977,	0.773352
-1.154643,	-0.966797
-1.149970,	0.972563

0.000000,	0.000000
0.633565,	0.773689
-1.158730,	-0.970336
-1.154040,	0.976121

0.000000,	0.000000
0.633153,	0.774026
-1.162817,	-0.973874
-1.158109,	0.979679

0.000000,	0.000000
0.632741,	0.774363
-1.166904,	-0.977412
-1.162179,	0.983237

0.000000,	0.000000
0.632329,	0.774700
-1.170990,	-0.980950
-1.166248,	0.986795

0.000000,	0.000000
0.631917,	0.775036
-1.175077,	-0.984488
-1.170318,	0.990353

0.000000,	0.000000
0.631504,	0.775373
-1.179163,	-0.988026
-1.174387,	0.993910

0.000000,	0.000000
0.631091,	0.775709
-1.183249,	-0.991564
-1.178456,	0.997468

0.000000,	0.000000
0.630678,	0.776045
-1.187335,	-0.995101
-1.182525,	1.001025

0.000000,	0.000000
0.630265,	0.776380
-1.191421,	-0.998639
-1.186594,	1.004583

0.000000,	0.000000
0.629851,	0.776716
-1.195507,	-1.002176
-1.190663,	1.008140

0.000000,	0.000000
0.629438,	0.777051
-1.199593,	-1.005714
-1.194732,	1.011697

0.000000,	0.000000
0.629024,	0.777386
-1.203679,	-1.009251
-1.198801,	1.015254

0.000000,	0.000000
0.628610,	0.777721
-1.207765,	-1.012789
-1.202869,	1.018812

0.000000,	0.000000
0.628196,	0.778055
-1.211851,	-1.016326
-1.206938,	1.022369

0.000000,	0.000000
0.627782,	0.778389
-1.215936,	-1.019863
-1.211006,	1.025926

0.000000,	0.000000
0.627367,	0.778723
-1.220022,	-1.023400
-1.215075,	1.029482

0.000000,	0.000000
0.626953,	0.779057
-1.224107,	-1.026937
-1.219143,	1.033039

0.000000,	0.000000
0.626538,	0.779391
-1.228192,	-1.030474
-1.223211,	1.036596

0.000000,	0.000000
0.626123,	0.779724
-1.232278,	-1.034011
-1.227279,	1.040153

0.000000,	0.000000
0.625708,	0.780058
-1.236363,	-1.037548
-1.231347,	1.043709

0.000000,	0.000000
0.625292,	0.780391
-1.240448,	-1.041085
-1.235415,	1.047266

0.000000,	0.000000
0.624877,	0.780723
-1.244533,	-1.044621
-1.239483,	1.050822

0.000000,	0.000000
0.624461,	0.781056
-1.248618,	-1.048158
-1.243551,	1.054379

0.000000,	0.000000
0.624045,	0.781388
-1.252703,	-1.051695
-1.247619,	1.057935

0.000000,	0.000000
0.623629,	0.781720
-1.256787,	-1.055231
-1.251686,	1.061491

0.000000,	0.000000
0.623213,	0.782052
-1.260872,	-1.058768
-1.255754,	1.065047

0.000000,	0.000000
0.622797,	0.782384
-1.264956,	-1.062304
-1.259821,	1.068604

0.000000,	0.000000
0.622380,	0.782715
-1.269041,	-1.065840
-1.263889,	1.072160

0.000000,	0.000000
0.621963,	0.783046
-1.273125,	-1.069376
-1.267956,	1.075716

0.000000,	0.000000
0.621546,	0.783377
-1.277210,	-1.072913
-1.272023,	1.079271

0.000000,	0.000000
0.621129,	0.783708
-1.281294,	-1.076449
-1.276090,	1.082827

0.000000,	0.000000
0.620712,	0.784039
-1.285378,	-1.079985
-1.280157,	1.086383

0.000000,	0.000000
0.620294,	0.784369
-1.289462,	-1.083521
-1.284224,	1.089939

0.000000,	0.000000
0.619877,	0.784699
-1.293546,	-1.087057
-1.288291,	1.093495

0.000000,	0.000000
0.619459,	0.785029
-1.297630,	-1.090592
-1.292358,	1.097050

0.000000,	0.000000
0.619041,	0.785359
-1.301714,	-1.094128
-1.296425,	1.100606

0.000000,	0.000000
0.618623,	0.785688
-1.305798,	-1.097664
-1.300492,	1.104161

0.000000,	0.000000
0.618204,	0.786017
-1.309882,	-1.101200
-1.304558,	1.107717

0.000000,	0.000000
0.617786,	0.786346
-1.313965,	-1.104735
-1.308625,	1.111272

0.000000,	0.000000
0.617367,	0.786675
-1.318049,	-1.108271
-1.312691,	1.114827

0.000000,	0.000000
0.616948,	0.787004
-1.322132,	-1.111806
-1.316758,	1.118382

0.000000,	0.000000
0.616529,	0.787332
-1.326216,	-1.115341
-1.320824,	1.121938

0.000000,	0.000000
0.616110,	0.787660
-1.330299,	-1.118877
-1.324890,	1.125493

0.000000,	0.000000
0.615691,	0.787988
-1.334383,	-1.122412
-1.328956,	1.129048

0.000000,	0.000000
0.615271,	0.788316
-1.338466,	-1.125947
-1.333023,	1.132603

0.000000,	0.000000
0.614851,	0.788643
-1.342549,	-1.129482
-1.337089,	1.136158

0.000000,	0.000000
0.614432,	0.788970
-1.346632,	-1.133018
-1.341155,	1.139712

0.000000,	0.000000
0.614011,	0.789297
-1.350715,	-1.136553
-1.345220,	1.143267

0.000000,	0.000000
0.613591,	0.789624
-1.354798,	-1.140088
-1.349286,	1.146822

0.000000,	0.000000
0.613171,	0.789950
-1.358881,	-1.143623
-1.353352,	1.150377

0.000000,	0.000000
0.612750,	0.790277
-1.362964,	-1.147157
-1.357418,	1.153931

0.000000,	0.000000
0.612329,	0.790603
-1.367046,	-1.150692
-1.361483,	1.157486

0.000000,	0.000000
0.611908,	0.790929
-1.371129,	-1.154227
-1.365549,	1.161040

0.000000,	0.000000
0.611487,	0.791254
-1.375212,	-1.157762
-1.369614,	1.164595

0.000000,	0.000000
0.611066,	0.791580
-1.379294,	-1.161296
-1.373680,	1.168149

0.000000,	0.000000
0.610644,	0.791905
-1.383377,	-1.164831
-1.377745,	1.171704

0.000000,	0.000000
0.610223,	0.792230
-1.387459,	-1.168365
-1.381811,	1.175258

0.000000,	0.000000
0.609801,	0.792555
-1.391542,	-1.171900
-1.385876,	1.178812

0.000000,	0.000000
0.609379,	0.792879
-1.395624,	-1.175434
-1.389941,	1.182366

0.000000,	0.000000
0.608957,	0.793203
-1.399706,	-1.178969
-1.394006,	1.185921

0.000000,	0.000000
0.608535,	0.793527
-1.403788,	-1.182503
-1.398071,	1.189475

0.000000,	0.000000
0.608112,	0.793851
-1.407870,	-1.186037
-1.402136,	1.193029

0.000000,	0.000000
0.607689,	0.794175
-1.411952,	-1.189571
-1.406201,	1.196583

0.000000,	0.000000
0.607266,	0.794498
-1.416034,	-1.193106
-1.410266,	1.200136

0.000000,	0.000000
0.606843,	0.794821
-1.420116,	-1.196640
-1.414331,	1.203690

0.000000,	0.000000
0.606420,	0.795144
-1.424198,	-1.200174
-1.418395,	1.207244

0.000000,	0.000000
0.605997,	0.795467
-1.428280,	-1.203708
-1.422460,	1.210798

0.000000,	0.000000
0.605573,	0.795790
-1.432361,	-1.207242
-1.426524,	1.214352

0.000000,	0.000000
0.605150,	0.796112
-1.436443,	-1.210776
-1.430589,	1.217905

0.000000,	0.000000
0.604726,	0.796434
-1.440525,	-1.214309
-1.434653,	1.221459

0.000000,	0.000000
0.604302,	0.796756
-1.444606,	-1.217843
-1.438718,	1.225012

0.000000,	0.000000
0.603877,	0.797077
-1.448688,	-1.221377
-1.442782,	1.228566

0.000000,	0.000000
0.603453,	0.797399
-1.452769,	-1.224911
-1.446847,	1.232119

0.000000,	0.000000
0.603028,	0.797720
-1.456850,	-1.228444
-1.450911,	1.235673

0.000000,	0.000000
0.602604,	0.798041
-1.460932,	-1.231978
-1.454975,	1.239226

0.000000,	0.000000
0.602179,	0.798361
-1.465013,	-1.235511
-1.459039,	1.242779

0.000000,	0.000000
0.601754,	0.798682
-1.469094,	-1.239045
-1.463103,	1.246333

0.000000,	0.000000
0.601328,	0.799002
-1.473175,	-1.242578
-1.467167,	1.249886

0.000000,	0.000000
0.600903,	0.799322
-1.477256,	-1.246112
-1.471231,	1.253439

0.000000,	0.000000
0.600477,	0.799642
-1.481337,	-1.249645
-1.475295,	1.256992

0.000000,	0.000000
0.600052,	0.799961
-1.485418,	-1.253178
-1.479359,	1.260545

0.000000,	0.000000
0.599626,	0.800281
-1.489499,	-1.256712
-1.483422,	1.264098

0.000000,	0.000000
0.599200,	0.800600
-1.493580,	-1.260245
-1.487486,	1.267651

0.000000,	0.000000
0.598773,	0.800919
-1.497661,	-1.263778
-1.491550,	1.271204

