0.000000,	0.000000
0.685140,	-0.728411
0.013571,	0.009546
10.000000,	0.000000

0.000000,	0.000000
0.687077,	-0.726585
0.036453,	0.008861
9.986993,	-0.000000

0.000000,	0.000000
0.689008,	-0.724754
0.053739,	0.006464
9.973985,	-0.000000

0.000000,	0.000000
0.690935,	-0.722917
0.068533,	0.003734
9.960978,	-0.000000

0.000000,	0.000000
0.692857,	-0.721075
0.081805,	0.000913
9.947970,	-0.000000

0.000000,	0.000000
0.694773,	-0.719229
0.094015,	-0.001922
9.934963,	-0.000000

0.000000,	0.000000
0.696685,	-0.717377
0.105423,	-0.004743
9.921955,	-0.000000

0.000000,	0.000000
0.698592,	-0.715520
0.116199,	-0.007537
9.908947,	-0.000000

0.000000,	0.000000
0.700494,	-0.713658
0.126455,	-0.010297
9.895939,	-0.000000

0.000000,	0.000000
0.702391,	-0.711791
0.136276,	-0.013022
9.882932,	-0.000000

0.000000,	0.000000
0.704283,	-0.709919
0.145723,	-0.015711
9.869924,	-0.000000

0.000000,	0.000000
0.706171,	-0.708042
0.154845,	-0.018366
9.856916,	-0.000000

0.000000,	0.000000
0.708053,	-0.706160
0.163679,	-0.020987
9.843907,	-0.000000

0.000000,	0.000000
0.709930,	-0.704273
0.172258,	-0.023575
9.830899,	-0.000000

0.000000,	0.000000
0.711802,	-0.702380
0.180607,	-0.026132
9.817891,	-0.000000

0.000000,	0.000000
0.713669,	-0.700483
0.188746,	-0.028658
9.804883,	-0.000000

0.000000,	0.000000
0.715531,	-0.698581
0.196696,	-0.031156
9.791874,	-0.000000

0.000000,	0.000000
0.717388,	-0.696674
0.204470,	-0.033627
9.778866,	-0.000000

0.000000,	0.000000
0.719239,	-0.694762
0.212084,	-0.036071
9.765857,	-0.000000

0.000000,	0.000000
0.721086,	-0.692845
0.219548,	-0.038489
9.752849,	-0.000000

0.000000,	0.000000
0.722928,	-0.690924
0.226872,	-0.040883
9.739840,	-0.000000

0.000000,	0.000000
0.724764,	-0.688997
0.234067,	-0.043254
9.726831,	-0.000000

0.000000,	0.000000
0.726595,	-0.687065
0.241141,	-0.045603
9.713822,	-0.000000

0.000000,	0.000000
0.728422,	-0.685129
0.248099,	-0.047930
9.700813,	-0.000000

0.000000,	0.000000
0.730243,	-0.683188
0.254950,	-0.050236
9.687804,	-0.000000

0.000000,	0.000000
0.732059,	-0.681242
0.261699,	-0.052523
9.674795,	-0.000000

0.000000,	0.000000
0.733869,	-0.679291
0.268352,	-0.054790
9.661786,	-0.000000

0.000000,	0.000000
0.735675,	-0.677335
0.274913,	-0.057038
9.648777,	-0.000000

0.000000,	0.000000
0.737475,	-0.675375
0.281387,	-0.059269
9.635767,	-0.000000

0.000000,	0.000000
0.739270,	-0.673409
0.287777,	-0.061482
9.622758,	-0.000000

0.000000,	0.000000
0.741060,	-0.671439
0.294089,	-0.063678
9.609749,	-0.000000

0.000000,	0.000000
0.742844,	-0.669464
0.300325,	-0.065858
9.596739,	-0.000000

0.000000,	0.000000
0.744624,	-0.667485
0.306489,	-0.068022
9.583729,	-0.000000

0.000000,	0.000000
0.746398,	-0.665500
0.312583,	-0.070171
9.570720,	-0.000000

0.000000,	0.000000
0.748166,	-0.663511
0.318611,	-0.072305
9.557710,	-0.000000

0.000000,	0.000000
0.749930,	-0.661518
0.324575,	-0.074425
9.544700,	-0.000000

0.000000,	0.000000
0.751688,	-0.659519
0.330477,	-0.076531
9.531690,	-0.000000

0.000000,	0.000000
0.753441,	-0.657516
0.336320,	-0.078623
9.518680,	-0.000000

0.000000,	0.000000
0.755188,	-0.655508
0.342105,	-0.080702
9.505670,	-0.000000

0.000000,	0.000000
0.756930,	-0.653496
0.347836,	-0.082768
9.492660,	-0.000000

0.000000,	0.000000
0.758667,	-0.651479
0.353513,	-0.084821
9.479650,	-0.000000

0.000000,	0.000000
0.760398,	-0.649457
0.359139,	-0.086862
9.466639,	-0.000000

0.000000,	0.000000
0.762124,	-0.647431
0.364714,	-0.088891
9.453629,	-0.000000

0.000000,	0.000000
0.763845,	-0.645400
0.370242,	-0.090909
9.440618,	-0.000000

0.000000,	0.000000
0.765560,	-0.643365
0.375723,	-0.092915
9.427608,	-0.000000

0.000000,	0.000000
0.767270,	-0.641325
0.381158,	-0.094910
9.414597,	-0.000000

0.000000,	0.000000
0.768974,	-0.639280
0.386550,	-0.096894
9.401587,	-0.000000

0.000000,	0.000000
0.770673,	-0.637231
0.391898,	-0.098868
9.388576,	-0.000000

0.000000,	0.000000
0.772366,	-0.635178
0.397205,	-0.100832
9.375565,	-0.000000

0.000000,	0.000000
0.774054,	-0.633120
0.402472,	-0.102785
9.362554,	-0.000000

0.000000,	0.000000
0.775736,	-0.631057
0.407700,	-0.104728
9.349543,	-0.000000

0.000000,	0.000000
0.777413,	-0.628990
0.412889,	-0.106662
9.336532,	-0.000000

0.000000,	0.000000
0.779085,	-0.626918
0.418041,	-0.108586
9.323520,	-0.000000

0.000000,	0.000000
0.780751,	-0.624843
0.423157,	-0.110501
9.310509,	-0.000000

0.000000,	0.000000
0.782411,	-0.622762
0.428237,	-0.112407
9.297498,	-0.000000

0.000000,	0.000000
0.784066,	-0.620678
0.433283,	-0.114304
9.284486,	-0.000000

0.000000,	0.000000
0.785715,	-0.618588
0.438295,	-0.116192
9.271475,	-0.000000

0.000000,	0.000000
0.787359,	-0.616495
0.443275,	-0.118072
9.258463,	-0.000000

0.000000,	0.000000
0.788997,	-0.614397
0.448222,	-0.119943
9.245451,	-0.000000

0.000000,	0.000000
0.790630,	-0.612295
0.453138,	-0.121806
9.232440,	-0.000000

0.000000,	0.000000
0.792257,	-0.610188
0.458023,	-0.123661
9.219428,	-0.000000

0.000000,	0.000000
0.793878,	-0.608077
0.462879,	-0.125508
9.206416,	-0.000000

0.000000,	0.000000
0.795494,	-0.605962
0.467705,	-0.127347
9.193404,	-0.000000

0.000000,	0.000000
0.797104,	-0.603842
0.472502,	-0.129179
9.180392,	-0.000000

0.000000,	0.000000
0.798708,	-0.601719
0.477272,	-0.131003
9.167379,	-0.000000

0.000000,	0.000000
0.800307,	-0.599591
0.482014,	-0.132820
9.154367,	-0.000000

0.000000,	0.000000
0.801900,	-0.597458
0.486729,	-0.134630
9.141355,	-0.000000

0.000000,	0.000000
0.803487,	-0.595322
0.491417,	-0.136432
9.128342,	-0.000000

0.000000,	0.000000
0.805069,	-0.593181
0.496080,	-0.138227
9.115330,	-0.000000

0.000000,	0.000000
0.806645,	-0.591036
0.500718,	-0.140016
9.102317,	-0.000000

0.000000,	0.000000
0.808215,	-0.588887
0.505330,	-0.141798
9.089304,	-0.000000

0.000000,	0.000000
0.809780,	-0.586734
0.509919,	-0.143573
9.076292,	-0.000000

0.000000,	0.000000
0.811339,	-0.584576
0.514483,	-0.145342
9.063279,	-0.000000

0.000000,	0.000000
0.812892,	-0.582415
0.519024,	-0.147104
9.050266,	-0.000000

0.000000,	0.000000
0.814439,	-0.580249
0.523542,	-0.148860
9.037253,	-0.000000

0.000000,	0.000000
0.815981,	-0.578079
0.528038,	-0.150610
9.024240,	-0.000000

0.000000,	0.000000
0.817517,	-0.575905
0.532511,	-0.152354
9.011226,	-0.000000

0.000000,	0.000000
0.819047,	-0.573727
0.536962,	-0.154091
8.998213,	-0.000000

0.000000,	0.000000
0.820571,	-0.571545
0.541392,	-0.155823
8.985200,	-0.000000

0.000000,	0.000000
0.822089,	-0.569359
0.545801,	-0.157549
8.972186,	-0.000000

0.000000,	0.000000
0.823602,	-0.567169
0.550189,	-0.159269
8.959172,	-0.000000

0.000000,	0.000000
0.825108,	-0.564974
0.554557,	-0.160983
8.946159,	-0.000000

0.000000,	0.000000
0.826609,	-0.562776
0.558905,	-0.162692
8.933145,	-0.000000

0.000000,	0.000000
0.828104,	-0.560574
0.563233,	-0.164396
8.920131,	-0.000000

0.000000,	0.000000
0.829593,	-0.558368
0.567542,	-0.166094
8.907117,	-0.000000

0.000000,	0.000000
0.831077,	-0.556158
0.571832,	-0.167787
8.894103,	-0.000000

0.000000,	0.000000
0.832554,	-0.553944
0.576103,	-0.169474
8.881089,	-0.000000

0.000000,	0.000000
0.834026,	-0.551726
0.580356,	-0.171157
8.868075,	-0.000000

0.000000,	0.000000
0.835491,	-0.549504
0.584590,	-0.172834
8.855060,	-0.000000

0.000000,	0.000000
0.836951,	-0.547278
0.588807,	-0.174506
8.842046,	-0.000000

0.000000,	0.000000
0.838404,	-0.545049
0.593006,	-0.176174
8.829032,	-0.000000

0.000000,	0.000000
0.839852,	-0.542815
0.597188,	-0.177836
8.816017,	-0.000000

0.000000,	0.000000
0.841294,	-0.540578
0.601352,	-0.179494
8.803002,	-0.000000

0.000000,	0.000000
0.842730,	-0.538336
0.605500,	-0.181147
8.789988,	-0.000000

0.000000,	0.000000
0.844160,	-0.536091
0.609632,	-0.182795
8.776973,	-0.000000

0.000000,	0.000000
0.845584,	-0.533843
0.613747,	-0.184439
8.763958,	-0.000000

0.000000,	0.000000
0.847002,	-0.531590
0.617845,	-0.186078
8.750943,	-0.000000

0.000000,	0.000000
0.848414,	-0.529334
0.621928,	-0.187713
8.737928,	-0.000000

0.000000,	0.000000
0.849820,	-0.527074
0.625996,	-0.189344
8.724912,	-0.000000

0.000000,	0.000000
0.851219,	-0.524810
0.630048,	-0.190970
8.711897,	-0.000000

0.000000,	0.000000
0.852613,	-0.522542
0.634085,	-0.192592
8.698882,	-0.000000

0.000000,	0.000000
0.854001,	-0.520271
0.638106,	-0.194210
8.685866,	-0.000000

0.000000,	0.000000
0.855383,	-0.517996
0.642113,	-0.195823
8.672850,	-0.000000

0.000000,	0.000000
0.856759,	-0.515718
0.646106,	-0.197433
8.659835,	-0.000000

0.000000,	0.000000
0.858128,	-0.513435
0.650084,	-0.199038
8.646819,	-0.000000

0.000000,	0.000000
0.859492,	-0.511149
0.654048,	-0.200640
8.633803,	-0.000000

0.000000,	0.000000
0.860849,	-0.508860
0.657998,	-0.202238
8.620787,	-0.000000

0.000000,	0.000000
0.862201,	-0.506567
0.661934,	-0.203832
8.607771,	-0.000000

0.000000,	0.000000
0.863546,	-0.504270
0.665856,	-0.205422
8.594755,	-0.000000

0.000000,	0.000000
0.864885,	-0.501970
0.669766,	-0.207008
8.581739,	-0.000000

0.000000,	0.000000
0.866218,	-0.499666
0.673661,	-0.208591
8.568722,	-0.000001

0.000000,	0.000000
0.867545,	-0.497358
0.677544,	-0.210170
8.555706,	-0.000001

0.000000,	0.000000
0.868866,	-0.495048
0.681414,	-0.211746
8.542689,	-0.000001

0.000000,	0.000000
0.870180,	-0.492733
0.685271,	-0.213318
8.529672,	-0.000001

0.000000,	0.000000
0.871489,	-0.490415
0.689116,	-0.214887
8.516656,	-0.000001

0.000000,	0.000000
0.872791,	-0.488094
0.692948,	-0.216453
8.503639,	-0.000001

0.000000,	0.000000
0.874087,	-0.485769
0.696767,	-0.218015
8.490622,	-0.000001

0.000000,	0.000000
0.875377,	-0.483441
0.700575,	-0.219574
8.477605,	-0.000001

0.000000,	0.000000
0.876661,	-0.481109
0.704371,	-0.221130
8.464588,	-0.000001

0.000000,	0.000000
0.877938,	-0.478774
0.708155,	-0.222683
8.451570,	-0.000001

0.000000,	0.000000
0.879209,	-0.476435
0.711927,	-0.224232
8.438553,	-0.000001

0.000000,	0.000000
0.880474,	-0.474094
0.715688,	-0.225779
8.425536,	-0.000001

0.000000,	0.000000
0.881733,	-0.471748
0.719438,	-0.227323
8.412518,	-0.000001

0.000000,	0.000000
0.882986,	-0.469400
0.723176,	-0.228863
8.399500,	-0.000001

0.000000,	0.000000
0.884232,	-0.467048
0.726903,	-0.230401
8.386483,	-0.000001

0.000000,	0.000000
0.885472,	-0.464693
0.730620,	-0.231937
8.373465,	-0.000001

0.000000,	0.000000
0.886706,	-0.462334
0.734325,	-0.233469
8.360447,	-0.000001

0.000000,	0.000000
0.887933,	-0.459972
0.738020,	-0.234999
8.347429,	-0.000001

0.000000,	0.000000
0.889154,	-0.457607
0.741705,	-0.236527
8.334411,	-0.000001

0.000000,	0.000000
0.890369,	-0.455239
0.745379,	-0.238052
8.321392,	-0.000001

0.000000,	0.000000
0.891578,	-0.452868
0.749043,	-0.239574
8.308374,	-0.000001

0.000000,	0.000000
0.892780,	-0.450493
0.752697,	-0.241094
8.295356,	-0.000001

0.000000,	0.000000
0.893976,	-0.448115
0.756341,	-0.242612
8.282337,	-0.000001

0.000000,	0.000000
0.895166,	-0.445734
0.759975,	-0.244127
8.269318,	-0.000001

0.000000,	0.000000
0.896349,	-0.443350
0.763599,	-0.245641
8.256299,	-0.000001

0.000000,	0.000000
0.897526,	-0.440962
0.767214,	-0.247152
8.243281,	-0.000001

0.000000,	0.000000
0.898696,	-0.438572
0.770820,	-0.248662
8.230262,	-0.000001

0.000000,	0.000000
0.899860,	-0.436178
0.774416,	-0.250169
8.217242,	-0.000001

0.000000,	0.000000
0.901018,	-0.433781
0.778003,	-0.251675
8.204223,	-0.000001

0.000000,	0.000000
0.902170,	-0.431382
0.781582,	-0.253178
8.191204,	-0.000001

0.000000,	0.000000
0.903315,	-0.428979
0.785151,	-0.254681
8.178185,	-0.000001

0.000000,	0.000000
0.904453,	-0.426573
0.788712,	-0.256181
8.165165,	-0.000001

0.000000,	0.000000
0.905585,	-0.424164
0.792264,	-0.257680
8.152145,	-0.000001

0.000000,	0.000000
0.906711,	-0.421752
0.795807,	-0.259178
8.139126,	-0.000001

0.000000,	0.000000
0.907831,	-0.419337
0.799343,	-0.260675
8.126106,	-0.000001

0.000000,	0.000000
0.908943,	-0.416919
0.802870,	-0.262170
8.113086,	-0.000001

0.000000,	0.000000
0.910050,	-0.414499
0.806389,	-0.263664
8.100066,	-0.000001

0.000000,	0.000000
0.911150,	-0.412075
0.809901,	-0.265158
8.087046,	-0.000001

0.000000,	0.000000
0.912244,	-0.409648
0.813405,	-0.266650
8.074025,	-0.000001

0.000000,	0.000000
0.913331,	-0.407219
0.816901,	-0.268142
8.061005,	-0.000001

0.000000,	0.000000
0.914411,	-0.404786
0.820390,	-0.269634
8.047984,	-0.000001

0.000000,	0.000000
0.915486,	-0.402351
0.823872,	-0.271125
8.034964,	-0.000001

0.000000,	0.000000
0.916553,	-0.399913
0.827347,	-0.272616
8.021943,	-0.000001

0.000000,	0.000000
0.917614,	-0.397472
0.830816,	-0.274107
8.008922,	-0.000001

0.000000,	0.000000
0.918669,	-0.395028
0.834277,	-0.275599
7.995901,	-0.000001

0.000000,	0.000000
0.919717,	-0.392581
0.837733,	-0.277091
7.982880,	-0.000001

0.000000,	0.000000
0.920759,	-0.390132
0.841182,	-0.278583
7.969859,	-0.000001

0.000000,	0.000000
0.921794,	-0.387680
0.844626,	-0.280076
7.956838,	-0.000001

0.000000,	0.000000
0.922823,	-0.385225
0.848064,	-0.281571
7.943817,	-0.000001

0.000000,	0.000000
0.923845,	-0.382767
0.851497,	-0.283067
7.930795,	-0.000001

0.000000,	0.000000
0.924860,	-0.380307
0.854925,	-0.284565
7.917773,	-0.000001

0.000000,	0.000000
0.925869,	-0.377844
0.858348,	-0.286065
7.904752,	-0.000001

0.000000,	0.000000
0.926872,	-0.375378
0.861767,	-0.287568
7.891730,	-0.000001

0.000000,	0.000000
0.927868,	-0.372910
0.865183,	-0.289074
7.878708,	-0.000001

0.000000,	0.000000
0.928857,	-0.370439
0.868595,	-0.290584
7.865686,	-0.000001

0.000000,	0.000000
0.929840,	-0.367965
0.872004,	-0.292098
7.852664,	-0.000001

0.000000,	0.000000
0.930816,	-0.365489
0.875412,	-0.293617
7.839641,	-0.000001

0.000000,	0.000000
0.931785,	-0.363010
0.878818,	-0.295141
7.826619,	-0.000001

0.000000,	0.000000
0.932748,	-0.360528
0.882223,	-0.296672
7.813596,	-0.000001

0.000000,	0.000000
0.933705,	-0.358044
0.885629,	-0.298211
7.800574,	-0.000001

0.000000,	0.000000
0.934654,	-0.355558
0.889036,	-0.299759
7.787551,	-0.000001

0.000000,	0.000000
0.935597,	-0.353069
0.892446,	-0.301316
7.774528,	-0.000001

0.000000,	0.000000
0.936534,	-0.350577
0.895861,	-0.302887
7.761505,	-0.000001

0.000000,	0.000000
0.937464,	-0.348083
0.899283,	-0.304471
7.748482,	-0.000001

0.000000,	0.000000
0.938387,	-0.345587
0.902715,	-0.306072
7.735459,	-0.000001

0.000000,	0.000000
0.939303,	-0.343088
0.906160,	-0.307693
7.722435,	-0.000001

0.000000,	0.000000
0.940213,	-0.340587
0.909622,	-0.309339
7.709412,	-0.000001

0.000000,	0.000000
0.941116,	-0.338083
0.913110,	-0.311015
7.696388,	-0.000001

0.000000,	0.000000
0.942013,	-0.335577
0.916631,	-0.312728
7.683365,	-0.000001

0.000000,	0.000000
0.942903,	-0.333068
0.920201,	-0.314488
7.670341,	-0.000001

0.000000,	0.000000
0.943786,	-0.330557
0.923843,	-0.316311
7.657317,	-0.000001

0.000000,	0.000000
0.944662,	-0.328044
0.927598,	-0.318214
7.644293,	-0.000001

0.000000,	0.000000
0.945532,	-0.325528
0.931546,	-0.320227
7.631268,	-0.000001

0.000000,	0.000000
0.946395,	-0.323011
0.935868,	-0.322367
7.618244,	-0.000001

0.000000,	0.000000
0.947252,	-0.320490
0.941024,	-0.324372
7.605220,	-0.000001

0.000000,	0.000000
0.948101,	-0.317968
0.947445,	-0.325191
7.592195,	-0.000001

0.000000,	0.000000
0.948944,	-0.315443
0.954121,	-0.324548
7.579170,	-0.000001

0.000000,	0.000000
0.949781,	-0.312916
0.960445,	-0.323163
7.566146,	-0.000002

0.000000,	0.000000
0.950610,	-0.310387
0.966476,	-0.321481
7.553121,	-0.000002

0.000000,	0.000000
0.951433,	-0.307856
0.972308,	-0.319658
7.540096,	-0.000002

0.000000,	0.000000
0.952249,	-0.305322
0.978002,	-0.317758
7.527070,	-0.000002

0.000000,	0.000000
0.953058,	-0.302787
0.983594,	-0.315808
7.514045,	-0.000002

0.000000,	0.000000
0.953861,	-0.300249
0.989106,	-0.313825
7.501020,	-0.000002

0.000000,	0.000000
0.954657,	-0.297709
0.994556,	-0.311818
7.487994,	-0.000002

0.000000,	0.000000
0.955446,	-0.295167
0.999954,	-0.309793
7.474968,	-0.000002

0.000000,	0.000000
0.956228,	-0.292623
1.005308,	-0.307754
7.461943,	-0.000002

0.000000,	0.000000
0.957003,	-0.290077
1.010624,	-0.305703
7.448917,	-0.000002

0.000000,	0.000000
0.957772,	-0.287528
1.015908,	-0.303642
7.435891,	-0.000002

0.000000,	0.000000
0.958534,	-0.284978
1.021163,	-0.301574
7.422864,	-0.000002

0.000000,	0.000000
0.959289,	-0.282426
1.026392,	-0.299498
7.409838,	-0.000002

0.000000,	0.000000
0.960038,	-0.279871
1.031598,	-0.297416
7.396811,	-0.000002

0.000000,	0.000000
0.960779,	-0.277315
1.036783,	-0.295329
7.383785,	-0.000002

0.000000,	0.000000
0.961514,	-0.274757
1.041948,	-0.293236
7.370758,	-0.000002

0.000000,	0.000000
0.962242,	-0.272196
1.047094,	-0.291140
7.357731,	-0.000002

0.000000,	0.000000
0.962963,	-0.269634
1.052224,	-0.289039
7.344704,	-0.000002

0.000000,	0.000000
0.963677,	-0.267070
1.057338,	-0.286934
7.331677,	-0.000002

0.000000,	0.000000
0.964385,	-0.264504
1.062438,	-0.284826
7.318650,	-0.000002

0.000000,	0.000000
0.965085,	-0.261936
1.067523,	-0.282715
7.305622,	-0.000002

0.000000,	0.000000
0.965779,	-0.259367
1.072595,	-0.280601
7.292595,	-0.000002

0.000000,	0.000000
0.966466,	-0.256795
1.077654,	-0.278483
7.279567,	-0.000002

0.000000,	0.000000
0.967146,	-0.254222
1.082701,	-0.276363
7.266540,	-0.000002

0.000000,	0.000000
0.967819,	-0.251647
1.087737,	-0.274241
7.253512,	-0.000002

0.000000,	0.000000
0.968486,	-0.249070
1.092761,	-0.272116
7.240484,	-0.000002

0.000000,	0.000000
0.969145,	-0.246491
1.097775,	-0.269989
7.227455,	-0.000002

0.000000,	0.000000
0.969798,	-0.243911
1.102779,	-0.267859
7.214427,	-0.000002

0.000000,	0.000000
0.970444,	-0.241328
1.107772,	-0.265728
7.201398,	-0.000002

0.000000,	0.000000
0.971082,	-0.238745
1.112756,	-0.263594
7.188370,	-0.000002

0.000000,	0.000000
0.971714,	-0.236159
1.117731,	-0.261458
7.175341,	-0.000002

0.000000,	0.000000
0.972340,	-0.233572
1.122696,	-0.259321
7.162312,	-0.000002

0.000000,	0.000000
0.972958,	-0.230983
1.127653,	-0.257182
7.149283,	-0.000002

0.000000,	0.000000
0.973569,	-0.228392
1.132601,	-0.255041
7.136254,	-0.000002

0.000000,	0.000000
0.974174,	-0.225800
1.137541,	-0.252898
7.123225,	-0.000002

0.000000,	0.000000
0.974771,	-0.223206
1.142473,	-0.250754
7.110195,	-0.000002

0.000000,	0.000000
0.975362,	-0.220611
1.147396,	-0.248608
7.097166,	-0.000002

0.000000,	0.000000
0.975946,	-0.218014
1.152312,	-0.246460
7.084136,	-0.000002

0.000000,	0.000000
0.976522,	-0.215416
1.157221,	-0.244311
7.071106,	-0.000002

0.000000,	0.000000
0.977092,	-0.212816
1.162122,	-0.242161
7.058076,	-0.000002

0.000000,	0.000000
0.977655,	-0.210214
1.167015,	-0.240009
7.045046,	-0.000002

0.000000,	0.000000
0.978211,	-0.207611
1.171902,	-0.237856
7.032016,	-0.000002

0.000000,	0.000000
0.978761,	-0.205007
1.176781,	-0.235701
7.018985,	-0.000002

0.000000,	0.000000
0.979303,	-0.202401
1.181653,	-0.233545
7.005955,	-0.000002

0.000000,	0.000000
0.979838,	-0.199794
1.186519,	-0.231388
6.992924,	-0.000002

0.000000,	0.000000
0.980366,	-0.197185
1.191378,	-0.229230
6.979893,	-0.000002

0.000000,	0.000000
0.980888,	-0.194575
1.196231,	-0.227071
6.966862,	-0.000002

0.000000,	0.000000
0.981402,	-0.191963
1.201077,	-0.224910
6.953831,	-0.000002

0.000000,	0.000000
0.981910,	-0.189350
1.205916,	-0.222748
6.940799,	-0.000002

0.000000,	0.000000
0.982410,	-0.186736
1.210750,	-0.220586
6.927768,	-0.000002

0.000000,	0.000000
0.982904,	-0.184121
1.215577,	-0.218422
6.914736,	-0.000002

0.000000,	0.000000
0.983390,	-0.181504
1.220398,	-0.216257
6.901705,	-0.000002

0.000000,	0.000000
0.983870,	-0.178886
1.225214,	-0.214091
6.888673,	-0.000003

0.000000,	0.000000
0.984343,	-0.176266
1.230023,	-0.211924
6.875641,	-0.000003

0.000000,	0.000000
0.984808,	-0.173646
1.234826,	-0.209756
6.862608,	-0.000003

0.000000,	0.000000
0.985267,	-0.171024
1.239624,	-0.207587
6.849576,	-0.000003

0.000000,	0.000000
0.985719,	-0.168401
1.244416,	-0.205417
6.836543,	-0.000003

0.000000,	0.000000
0.986163,	-0.165776
1.249203,	-0.203247
6.823511,	-0.000003

0.000000,	0.000000
0.986601,	-0.163151
1.253984,	-0.201075
6.810478,	-0.000003

0.000000,	0.000000
0.987032,	-0.160524
1.258759,	-0.198903
6.797445,	-0.000003

0.000000,	0.000000
0.987456,	-0.157897
1.263529,	-0.196730
6.784412,	-0.000003

0.000000,	0.000000
0.987872,	-0.155268
1.268294,	-0.194556
6.771379,	-0.000003

0.000000,	0.000000
0.988282,	-0.152638
1.273053,	-0.192381
6.758345,	-0.000003

0.000000,	0.000000
0.988685,	-0.150007
1.277808,	-0.190205
6.745311,	-0.000003

0.000000,	0.000000
0.989081,	-0.147375
1.282557,	-0.188029
6.732278,	-0.000003

0.000000,	0.000000
0.989470,	-0.144741
1.287301,	-0.185852
6.719244,	-0.000003

0.000000,	0.000000
0.989851,	-0.142107
1.292040,	-0.183674
6.706210,	-0.000003

0.000000,	0.000000
0.990226,	-0.139472
1.296774,	-0.181495
6.693175,	-0.000003

0.000000,	0.000000
0.990594,	-0.136836
1.301503,	-0.179316
6.680141,	-0.000003

0.000000,	0.000000
0.990954,	-0.134199
1.306227,	-0.177136
6.667107,	-0.000003

0.000000,	0.000000
0.991308,	-0.131561
1.310946,	-0.174956
6.654072,	-0.000003

0.000000,	0.000000
0.991655,	-0.128922
1.315660,	-0.172775
6.641037,	-0.000003

0.000000,	0.000000
0.991994,	-0.126282
1.320370,	-0.170593
6.628002,	-0.000003

0.000000,	0.000000
0.992327,	-0.123641
1.325075,	-0.168410
6.614967,	-0.000003

0.000000,	0.000000
0.992653,	-0.120999
1.329775,	-0.166227
6.601931,	-0.000003

0.000000,	0.000000
0.992971,	-0.118357
1.334471,	-0.164044
6.588896,	-0.000003

0.000000,	0.000000
0.993283,	-0.115713
1.339162,	-0.161859
6.575860,	-0.000003

0.000000,	0.000000
0.993587,	-0.113069
1.343849,	-0.159675
6.562824,	-0.000003

0.000000,	0.000000
0.993885,	-0.110424
1.348531,	-0.157489
6.549788,	-0.000003

0.000000,	0.000000
0.994175,	-0.107778
1.353209,	-0.155304
6.536752,	-0.000003

0.000000,	0.000000
0.994458,	-0.105131
1.357882,	-0.153117
6.523716,	-0.000003

0.000000,	0.000000
0.994735,	-0.102484
1.362551,	-0.150930
6.510679,	-0.000003

0.000000,	0.000000
0.995004,	-0.099836
1.367216,	-0.148743
6.497642,	-0.000003

0.000000,	0.000000
0.995266,	-0.097187
1.371876,	-0.146555
6.484606,	-0.000003

0.000000,	0.000000
0.995521,	-0.094538
1.376532,	-0.144367
6.471569,	-0.000003

0.000000,	0.000000
0.995769,	-0.091888
1.381184,	-0.142178
6.458531,	-0.000003

0.000000,	0.000000
0.996010,	-0.089237
1.385831,	-0.139989
6.445494,	-0.000003

0.000000,	0.000000
0.996244,	-0.086586
1.390475,	-0.137800
6.432456,	-0.000003

0.000000,	0.000000
0.996471,	-0.083934
1.395114,	-0.135609
6.419419,	-0.000003

0.000000,	0.000000
0.996691,	-0.081281
1.399749,	-0.133419
6.406381,	-0.000003

0.000000,	0.000000
0.996904,	-0.078628
1.404381,	-0.131228
6.393343,	-0.000003

0.000000,	0.000000
0.997110,	-0.075974
1.409008,	-0.129037
6.380305,	-0.000003

0.000000,	0.000000
0.997308,	-0.073320
1.413631,	-0.126845
6.367266,	-0.000003

0.000000,	0.000000
0.997500,	-0.070665
1.418250,	-0.124653
6.354228,	-0.000003

0.000000,	0.000000
0.997685,	-0.068010
1.422866,	-0.122461
6.341189,	-0.000003

0.000000,	0.000000
0.997862,	-0.065354
1.427477,	-0.120268
6.328150,	-0.000003

0.000000,	0.000000
0.998033,	-0.062698
1.432085,	-0.118075
6.315111,	-0.000004

0.000000,	0.000000
0.998196,	-0.060041
1.436688,	-0.115882
6.302071,	-0.000004

0.000000,	0.000000
0.998352,	-0.057384
1.441288,	-0.113688
6.289032,	-0.000004

0.000000,	0.000000
0.998501,	-0.054726
1.445884,	-0.111494
6.275992,	-0.000004

0.000000,	0.000000
0.998644,	-0.052069
1.450477,	-0.109299
6.262952,	-0.000004

0.000000,	0.000000
0.998779,	-0.049410
1.455066,	-0.107105
6.249912,	-0.000004

0.000000,	0.000000
0.998907,	-0.046752
1.459651,	-0.104910
6.236872,	-0.000004

0.000000,	0.000000
0.999027,	-0.044093
1.464232,	-0.102715
6.223832,	-0.000004

0.000000,	0.000000
0.999141,	-0.041433
1.468810,	-0.100519
6.210791,	-0.000004

0.000000,	0.000000
0.999248,	-0.038774
1.473384,	-0.098323
6.197751,	-0.000004

0.000000,	0.000000
0.999348,	-0.036114
1.477954,	-0.096127
6.184710,	-0.000004

0.000000,	0.000000
0.999440,	-0.033454
1.482521,	-0.093931
6.171668,	-0.000004

0.000000,	0.000000
0.999526,	-0.030794
1.487085,	-0.091734
6.158627,	-0.000004

0.000000,	0.000000
0.999604,	-0.028133
1.491645,	-0.089538
6.145586,	-0.000004

0.000000,	0.000000
0.999676,	-0.025472
1.496201,	-0.087341
6.132544,	-0.000004

0.000000,	0.000000
0.999740,	-0.022811
1.500754,	-0.085143
6.119502,	-0.000004

0.000000,	0.000000
0.999797,	-0.020150
1.505303,	-0.082946
6.106460,	-0.000004

0.000000,	0.000000
0.999847,	-0.017489
1.509850,	-0.080748
6.093418,	-0.000004

0.000000,	0.000000
0.999890,	-0.014828
1.514392,	-0.078550
6.080375,	-0.000004

0.000000,	0.000000
0.999926,	-0.012166
1.518932,	-0.076352
6.067333,	-0.000004

0.000000,	0.000000
0.999955,	-0.009505
1.523468,	-0.074154
6.054290,	-0.000004

0.000000,	0.000000
0.999977,	-0.006843
1.528000,	-0.071955
6.041247,	-0.000004

0.000000,	0.000000
0.999991,	-0.004181
1.532530,	-0.069757
6.028203,	-0.000004

0.000000,	0.000000
0.999999,	-0.001520
1.537056,	-0.067558
6.015160,	-0.000004

0.000000,	0.000000
0.999999,	0.001142
1.541579,	-0.065359
6.002116,	-0.000004

0.000000,	0.000000
0.999993,	0.003804
1.546099,	-0.063160
5.989073,	-0.000004

0.000000,	0.000000
0.999979,	0.006465
1.550615,	-0.060961
5.976029,	-0.000004

0.000000,	0.000000
0.999958,	0.009127
1.555128,	-0.058761
5.962984,	-0.000004

0.000000,	0.000000
0.999931,	0.011788
1.559638,	-0.056562
5.949940,	-0.000004

0.000000,	0.000000
0.999896,	0.014450
1.564145,	-0.054362
5.936895,	-0.000004

0.000000,	0.000000
0.999854,	0.017111
1.568649,	-0.052162
5.923850,	-0.000004

0.000000,	0.000000
0.999805,	0.019773
1.573150,	-0.049962
5.910805,	-0.000004

0.000000,	0.000000
0.999748,	0.022434
1.577647,	-0.047762
5.897760,	-0.000004

0.000000,	0.000000
0.999685,	0.025095
1.582142,	-0.045562
5.884715,	-0.000004

0.000000,	0.000000
0.999615,	0.027755
1.586633,	-0.043361
5.871669,	-0.000004

0.000000,	0.000000
0.999537,	0.030416
1.591122,	-0.041161
5.858623,	-0.000004

0.000000,	0.000000
0.999453,	0.033076
1.595607,	-0.038961
5.845577,	-0.000004

0.000000,	0.000000
0.999361,	0.035736
1.600090,	-0.036760
5.832531,	-0.000004

0.000000,	0.000000
0.999263,	0.038396
1.604569,	-0.034559
5.819484,	-0.000004

0.000000,	0.000000
0.999157,	0.041056
1.609046,	-0.032358
5.806438,	-0.000004

0.000000,	0.000000
0.999044,	0.043715
1.613519,	-0.030158
5.793391,	-0.000004

0.000000,	0.000000
0.998924,	0.046374
1.617990,	-0.027957
5.780344,	-0.000004

0.000000,	0.000000
0.998797,	0.049033
1.622458,	-0.025756
5.767296,	-0.000005

0.000000,	0.000000
0.998663,	0.051691
1.626923,	-0.023554
5.754249,	-0.000005

0.000000,	0.000000
0.998522,	0.054349
1.631385,	-0.021353
5.741201,	-0.000005

0.000000,	0.000000
0.998374,	0.057007
1.635844,	-0.019152
5.728153,	-0.000005

0.000000,	0.000000
0.998219,	0.059664
1.640301,	-0.016951
5.715105,	-0.000005

0.000000,	0.000000
0.998056,	0.062321
1.644754,	-0.014749
5.702056,	-0.000005

0.000000,	0.000000
0.997887,	0.064977
1.649205,	-0.012548
5.689008,	-0.000005

0.000000,	0.000000
0.997710,	0.067633
1.653653,	-0.010347
5.675959,	-0.000005

0.000000,	0.000000
0.997527,	0.070288
1.658098,	-0.008145
5.662910,	-0.000005

0.000000,	0.000000
0.997336,	0.072943
1.662541,	-0.005944
5.649860,	-0.000005

0.000000,	0.000000
0.997138,	0.075597
1.666980,	-0.003742
5.636811,	-0.000005

0.000000,	0.000000
0.996934,	0.078251
1.671417,	-0.001541
5.623761,	-0.000005

0.000000,	0.000000
0.996722,	0.080904
1.675852,	0.000002
5.610711,	-0.000005

0.000000,	0.000000
0.996503,	0.083557
1.680283,	-0.000001
5.597661,	-0.000005

0.000000,	0.000000
0.996277,	0.086209
1.684712,	-0.000006
5.584611,	-0.000005

0.000000,	0.000000
0.996044,	0.088861
1.689139,	0.000003
5.571560,	-0.000005

0.000000,	0.000000
0.995804,	0.091511
1.693562,	-0.000001
5.558509,	-0.000005

0.000000,	0.000000
0.995557,	0.094162
1.697984,	0.000003
5.545458,	-0.000005

0.000000,	0.000000
0.995303,	0.096811
1.702402,	-0.000007
5.532407,	-0.000005

0.000000,	0.000000
0.995042,	0.099460
1.706818,	-0.000007
5.519355,	-0.000005

0.000000,	0.000000
0.994773,	0.102108
1.711231,	-0.000003
5.506303,	-0.000005

0.000000,	0.000000
0.994498,	0.104756
1.715642,	-0.000000
5.493251,	-0.000005

0.000000,	0.000000
0.994216,	0.107402
1.720050,	-0.000010
5.480199,	-0.000005

0.000000,	0.000000
0.993926,	0.110048
1.724456,	-0.000002
5.467146,	-0.000005

0.000000,	0.000000
0.993630,	0.112693
1.728859,	-0.000000
5.454093,	-0.000005

0.000000,	0.000000
0.993326,	0.115338
1.733260,	-0.000010
5.441040,	-0.000005

0.000000,	0.000000
0.993016,	0.117981
1.737658,	-0.000003
5.427987,	-0.000005

0.000000,	0.000000
0.992698,	0.120624
1.742054,	0.000004
5.414934,	-0.000005

0.000000,	0.000000
0.992374,	0.123266
1.746447,	0.000005
5.401880,	-0.000005

0.000000,	0.000000
0.992042,	0.125907
1.750838,	-0.000004
5.388826,	-0.000005

0.000000,	0.000000
0.991703,	0.128547
1.755226,	0.000001
5.375772,	-0.000005

0.000000,	0.000000
0.991358,	0.131186
1.759612,	-0.000001
5.362717,	-0.000005

0.000000,	0.000000
0.991005,	0.133824
1.763996,	-0.000010
5.349663,	-0.000005

0.000000,	0.000000
0.990645,	0.136461
1.768377,	0.000002
5.336608,	-0.000005

0.000000,	0.000000
0.990279,	0.139098
1.772756,	-0.000007
5.323552,	-0.000005

0.000000,	0.000000
0.989905,	0.141733
1.777132,	0.000006
5.310497,	-0.000005

0.000000,	0.000000
0.989524,	0.144367
1.781506,	-0.000003
5.297441,	-0.000005

0.000000,	0.000000
0.989136,	0.147001
1.785878,	-0.000005
5.284385,	-0.000005

0.000000,	0.000000
0.988742,	0.149633
1.790247,	0.000001
5.271329,	-0.000005

0.000000,	0.000000
0.988340,	0.152264
1.794614,	0.000007
5.258272,	-0.000005

0.000000,	0.000000
0.987931,	0.154894
1.798979,	0.000006
5.245216,	-0.000005

0.000000,	0.000000
0.987515,	0.157523
1.803342,	-0.000003
5.232159,	-0.000005

0.000000,	0.000000
0.987092,	0.160151
1.807702,	-0.000005
5.219101,	-0.000005

0.000000,	0.000000
0.986663,	0.162778
1.812060,	-0.000000
5.206044,	-0.000005

0.000000,	0.000000
0.986226,	0.165404
1.816416,	0.000005
5.192986,	-0.000005

0.000000,	0.000000
0.985782,	0.168028
1.820769,	0.000007
5.179928,	-0.000006

0.000000,	0.000000
0.985331,	0.170651
1.825120,	-0.000002
5.166870,	-0.000006

0.000000,	0.000000
0.984874,	0.173273
1.829469,	-0.000011
5.153811,	-0.000006

0.000000,	0.000000
0.984409,	0.175894
1.833816,	-0.000007
5.140752,	-0.000006

0.000000,	0.000000
0.983937,	0.178514
1.838161,	-0.000002
5.127693,	-0.000006

0.000000,	0.000000
0.983459,	0.181132
1.842503,	0.000001
5.114634,	-0.000006

0.000000,	0.000000
0.982973,	0.183749
1.846843,	-0.000008
5.101574,	-0.000006

0.000000,	0.000000
0.982481,	0.186365
1.851181,	0.000005
5.088514,	-0.000006

0.000000,	0.000000
0.981981,	0.188979
1.855517,	-0.000000
5.075454,	-0.000006

0.000000,	0.000000
0.981475,	0.191592
1.859851,	-0.000006
5.062393,	-0.000006

0.000000,	0.000000
0.980961,	0.194204
1.864183,	-0.000011
5.049332,	-0.000006

0.000000,	0.000000
0.980441,	0.196814
1.868512,	-0.000009
5.036271,	-0.000006

0.000000,	0.000000
0.979913,	0.199423
1.872840,	-0.000006
5.023210,	-0.000006

0.000000,	0.000000
0.979379,	0.202031
1.877165,	-0.000003
5.010148,	-0.000006

0.000000,	0.000000
0.978838,	0.204637
1.881488,	0.000000
4.997086,	-0.000006

0.000000,	0.000000
0.978290,	0.207242
1.885809,	0.000003
4.984024,	-0.000006

0.000000,	0.000000
0.977735,	0.209845
1.890128,	0.000006
4.970962,	-0.000006

0.000000,	0.000000
0.977173,	0.212446
1.894445,	0.000008
4.957899,	-0.000006

0.000000,	0.000000
0.976604,	0.215047
1.898760,	-0.000001
4.944836,	-0.000006

0.000000,	0.000000
0.976028,	0.217645
1.903073,	-0.000009
4.931772,	-0.000006

0.000000,	0.000000
0.975445,	0.220242
1.907384,	0.000003
4.918709,	-0.000006

0.000000,	0.000000
0.974855,	0.222838
1.911693,	0.000007
4.905645,	-0.000006

0.000000,	0.000000
0.974259,	0.225432
1.916000,	-0.000002
4.892581,	-0.000006

0.000000,	0.000000
0.973655,	0.228024
1.920305,	-0.000010
4.879516,	-0.000006

0.000000,	0.000000
0.973045,	0.230615
1.924608,	0.000007
4.866451,	-0.000006

0.000000,	0.000000
0.972428,	0.233204
1.928908,	-0.000001
4.853386,	-0.000006

0.000000,	0.000000
0.971804,	0.235792
1.933207,	-0.000010
4.840321,	-0.000006

0.000000,	0.000000
0.971173,	0.238378
1.937504,	0.000005
4.827255,	-0.000006

0.000000,	0.000000
0.970535,	0.240962
1.941799,	0.000004
4.814189,	-0.000006

0.000000,	0.000000
0.969890,	0.243544
1.946092,	0.000004
4.801122,	-0.000006

0.000000,	0.000000
0.969238,	0.246125
1.950384,	0.000007
4.788056,	-0.000006

0.000000,	0.000000
0.968580,	0.248704
1.954673,	-0.000001
4.774989,	-0.000006

0.000000,	0.000000
0.967914,	0.251281
1.958960,	-0.000009
4.761921,	-0.000006

0.000000,	0.000000
0.967242,	0.253856
1.963245,	0.000004
4.748854,	-0.000006

0.000000,	0.000000
0.966563,	0.256430
1.967529,	0.000004
4.735786,	-0.000006

0.000000,	0.000000
0.965877,	0.259002
1.971810,	0.000004
4.722717,	-0.000006

0.000000,	0.000000
0.965184,	0.261572
1.976090,	0.000003
4.709649,	-0.000006

0.000000,	0.000000
0.964484,	0.264140
1.980368,	0.000002
4.696580,	-0.000006

0.000000,	0.000000
0.963778,	0.266706
1.984644,	0.000001
4.683511,	-0.000006

0.000000,	0.000000
0.963065,	0.269270
1.988918,	-0.000000
4.670441,	-0.000006

0.000000,	0.000000
0.962345,	0.271833
1.993190,	-0.000002
4.657371,	-0.000006

0.000000,	0.000000
0.961618,	0.274393
1.997461,	0.000003
4.644301,	-0.000006

0.000000,	0.000000
0.960884,	0.276952
2.001729,	-0.000005
4.631230,	-0.000006

0.000000,	0.000000
0.960143,	0.279508
2.005996,	-0.000013
4.618160,	-0.000006

0.000000,	0.000000
0.959396,	0.282063
2.010261,	-0.000006
4.605088,	-0.000006

0.000000,	0.000000
0.958642,	0.284616
2.014524,	-0.000002
4.592017,	-0.000006

0.000000,	0.000000
0.957881,	0.287166
2.018786,	0.000001
4.578945,	-0.000006

0.000000,	0.000000
0.957113,	0.289715
2.023045,	0.000005
4.565873,	-0.000006

0.000000,	0.000000
0.956338,	0.292261
2.027303,	0.000009
4.552800,	-0.000006

0.000000,	0.000000
0.955557,	0.294806
2.031559,	0.000006
4.539727,	-0.000006

0.000000,	0.000000
0.954769,	0.297348
2.035813,	0.000002
4.526654,	-0.000006

0.000000,	0.000000
0.953974,	0.299888
2.040066,	0.000003
4.513580,	-0.000006

0.000000,	0.000000
0.953173,	0.302427
2.044317,	-0.000005
4.500506,	-0.000006

0.000000,	0.000000
0.952364,	0.304963
2.048566,	-0.000013
4.487432,	-0.000006

0.000000,	0.000000
0.951549,	0.307496
2.052813,	0.000002
4.474357,	-0.000006

0.000000,	0.000000
0.950727,	0.310028
2.057058,	0.000009
4.461282,	-0.000006

0.000000,	0.000000
0.949899,	0.312557
2.061302,	0.000005
4.448207,	-0.000006

0.000000,	0.000000
0.949064,	0.315085
2.065544,	0.000001
4.435131,	-0.000006

0.000000,	0.000000
0.948222,	0.317610
2.069785,	-0.000004
4.422055,	-0.000006

0.000000,	0.000000
0.947373,	0.320132
2.074023,	-0.000009
4.408978,	-0.000006

0.000000,	0.000000
0.946517,	0.322653
2.078260,	0.000006
4.395902,	-0.000006

0.000000,	0.000000
0.945655,	0.325171
2.082496,	-0.000002
4.382824,	-0.000006

0.000000,	0.000000
0.944786,	0.327687
2.086729,	-0.000010
4.369747,	-0.000006

0.000000,	0.000000
0.943911,	0.330201
2.090961,	-0.000007
4.356669,	-0.000006

0.000000,	0.000000
0.943029,	0.332712
2.095192,	-0.000013
4.343590,	-0.000006

0.000000,	0.000000
0.942140,	0.335221
2.099420,	0.000007
4.330512,	-0.000006

0.000000,	0.000000
0.941244,	0.337727
2.103647,	-0.000001
4.317433,	-0.000006

0.000000,	0.000000
0.940342,	0.340231
2.107873,	-0.000008
4.304353,	-0.000006

0.000000,	0.000000
0.939433,	0.342733
2.112097,	-0.000015
4.291273,	-0.000006

0.000000,	0.000000
0.938517,	0.345232
2.116319,	-0.000006
4.278193,	-0.000006

0.000000,	0.000000
0.937595,	0.347729
2.120539,	0.000009
4.265112,	-0.000006

0.000000,	0.000000
0.936666,	0.350223
2.124758,	0.000002
4.252031,	-0.000006

0.000000,	0.000000
0.935731,	0.352715
2.128975,	-0.000006
4.238950,	-0.000006

0.000000,	0.000000
0.934789,	0.355205
2.133191,	-0.000013
4.225868,	-0.000006

0.000000,	0.000000
0.933840,	0.357692
2.137405,	0.000006
4.212786,	-0.000006

0.000000,	0.000000
0.932884,	0.360176
2.141618,	-0.000002
4.199703,	-0.000006

0.000000,	0.000000
0.931922,	0.362658
2.145828,	-0.000011
4.186620,	-0.000006

0.000000,	0.000000
0.930954,	0.365137
2.150038,	0.000007
4.173537,	-0.000006

0.000000,	0.000000
0.929979,	0.367614
2.154246,	-0.000000
4.160453,	-0.000006

0.000000,	0.000000
0.928997,	0.370088
2.158452,	-0.000007
4.147368,	-0.000006

0.000000,	0.000000
0.928009,	0.372559
2.162656,	-0.000015
4.134284,	-0.000006

0.000000,	0.000000
0.927014,	0.375028
2.166860,	0.000010
4.121199,	-0.000006

0.000000,	0.000000
0.926012,	0.377494
2.171061,	0.000001
4.108113,	-0.000006

0.000000,	0.000000
0.925004,	0.379957
2.175261,	-0.000010
4.095027,	-0.000006

0.000000,	0.000000
0.923989,	0.382418
2.179460,	-0.000012
4.081941,	-0.000006

0.000000,	0.000000
0.922968,	0.384876
2.183657,	0.000003
4.068854,	-0.000006

0.000000,	0.000000
0.921941,	0.387331
2.187852,	0.000006
4.055767,	-0.000006

0.000000,	0.000000
0.920906,	0.389784
2.192046,	-0.000006
4.042679,	-0.000006

0.000000,	0.000000
0.919866,	0.392234
2.196238,	-0.000017
4.029591,	-0.000006

0.000000,	0.000000
0.918818,	0.394681
2.200429,	-0.000000
4.016502,	-0.000006

0.000000,	0.000000
0.917765,	0.397125
2.204619,	0.000008
4.003413,	-0.000006

0.000000,	0.000000
0.916704,	0.399566
2.208807,	-0.000005
3.990324,	-0.000006

0.000000,	0.000000
0.915638,	0.402005
2.212993,	0.000007
3.977234,	-0.000005

0.000000,	0.000000
0.914564,	0.404441
2.217178,	0.000000
3.964143,	-0.000005

0.000000,	0.000000
0.913485,	0.406873
2.221362,	-0.000007
3.951053,	-0.000005

0.000000,	0.000000
0.912398,	0.409303
2.225544,	-0.000014
3.937961,	-0.000005

0.000000,	0.000000
0.911306,	0.411731
2.229724,	-0.000000
3.924870,	-0.000005

0.000000,	0.000000
0.910207,	0.414155
2.233904,	-0.000014
3.911777,	-0.000005

0.000000,	0.000000
0.909101,	0.416576
2.238081,	-0.000003
3.898685,	-0.000005

0.000000,	0.000000
0.907989,	0.418994
2.242257,	0.000009
3.885592,	-0.000005

0.000000,	0.000000
0.906870,	0.421409
2.246432,	-0.000006
3.872498,	-0.000005

0.000000,	0.000000
0.905746,	0.423822
2.250606,	-0.000014
3.859404,	-0.000005

0.000000,	0.000000
0.904614,	0.426231
2.254778,	0.000007
3.846309,	-0.000005

0.000000,	0.000000
0.903477,	0.428637
2.258948,	0.000001
3.833214,	-0.000005

0.000000,	0.000000
0.902332,	0.431041
2.263117,	0.000008
3.820119,	-0.000005

0.000000,	0.000000
0.901182,	0.433441
2.267285,	0.000001
3.807023,	-0.000005

0.000000,	0.000000
0.900025,	0.435838
2.271451,	-0.000006
3.793926,	-0.000005

0.000000,	0.000000
0.898862,	0.438232
2.275616,	-0.000013
3.780829,	-0.000005

0.000000,	0.000000
0.897692,	0.440623
2.279780,	-0.000010
3.767732,	-0.000005

0.000000,	0.000000
0.896516,	0.443011
2.283942,	-0.000007
3.754633,	-0.000005

0.000000,	0.000000
0.895334,	0.445396
2.288103,	0.000010
3.741535,	-0.000005

0.000000,	0.000000
0.894145,	0.447777
2.292262,	-0.000008
3.728436,	-0.000005

0.000000,	0.000000
0.892950,	0.450155
2.296420,	0.000010
3.715336,	-0.000005

0.000000,	0.000000
0.891749,	0.452531
2.300577,	0.000003
3.702236,	-0.000004

0.000000,	0.000000
0.890541,	0.454903
2.304732,	-0.000004
3.689136,	-0.000004

0.000000,	0.000000
0.889327,	0.457271
2.308886,	-0.000010
3.676034,	-0.000004

0.000000,	0.000000
0.888107,	0.459637
2.313038,	-0.000017
3.662933,	-0.000004

0.000000,	0.000000
0.886880,	0.461999
2.317190,	0.000008
3.649831,	-0.000004

0.000000,	0.000000
0.885648,	0.464358
2.321339,	-0.000012
3.636728,	-0.000004

0.000000,	0.000000
0.884408,	0.466714
2.325488,	-0.000001
3.623625,	-0.000004

0.000000,	0.000000
0.883163,	0.469066
2.329635,	0.000005
3.610521,	-0.000004

0.000000,	0.000000
0.881911,	0.471415
2.333781,	0.000009
3.597416,	-0.000004

0.000000,	0.000000
0.880654,	0.473761
2.337926,	0.000002
3.584312,	-0.000004

0.000000,	0.000000
0.879389,	0.476103
2.342069,	-0.000004
3.571206,	-0.000004

0.000000,	0.000000
0.878119,	0.478442
2.346211,	-0.000011
3.558100,	-0.000004

0.000000,	0.000000
0.876842,	0.480778
2.350351,	-0.000018
3.544993,	-0.000004

0.000000,	0.000000
0.875560,	0.483110
2.354491,	0.000008
3.531886,	-0.000004

0.000000,	0.000000
0.874271,	0.485439
2.358629,	-0.000015
3.518778,	-0.000003

0.000000,	0.000000
0.872976,	0.487764
2.362765,	0.000005
3.505670,	-0.000003

0.000000,	0.000000
0.871674,	0.490086
2.366901,	-0.000000
3.492561,	-0.000003

0.000000,	0.000000
0.870367,	0.492404
2.371035,	0.000012
3.479452,	-0.000003

0.000000,	0.000000
0.869053,	0.494719
2.375168,	0.000005
3.466342,	-0.000003

0.000000,	0.000000
0.867733,	0.497031
2.379299,	-0.000002
3.453231,	-0.000003

0.000000,	0.000000
0.866407,	0.499338
2.383430,	-0.000008
3.440120,	-0.000003

0.000000,	0.000000
0.865075,	0.501643
2.387559,	-0.000015
3.427008,	-0.000003

0.000000,	0.000000
0.863737,	0.503944
2.391686,	-0.000011
3.413895,	-0.000003

0.000000,	0.000000
0.862392,	0.506241
2.395813,	0.000003
3.400782,	-0.000003

0.000000,	0.000000
0.861042,	0.508534
2.399938,	0.000000
3.387668,	-0.000002

0.000000,	0.000000
0.859685,	0.510825
2.404062,	-0.000012
3.374554,	-0.000002

0.000000,	0.000000
0.858322,	0.513111
2.408185,	0.000011
3.361439,	-0.000002

0.000000,	0.000000
0.856954,	0.515394
2.412307,	-0.000016
3.348323,	-0.000002

0.000000,	0.000000
0.855579,	0.517673
2.416427,	0.000012
3.335207,	-0.000002

0.000000,	0.000000
0.854198,	0.519948
2.420546,	-0.000006
3.322090,	-0.000002

0.000000,	0.000000
0.852811,	0.522220
2.424664,	0.000015
3.308973,	-0.000002

0.000000,	0.000000
0.851418,	0.524488
2.428780,	0.000009
3.295855,	-0.000002

0.000000,	0.000000
0.850019,	0.526752
2.432896,	0.000002
3.282736,	-0.000001

0.000000,	0.000000
0.848614,	0.529013
2.437010,	-0.000004
3.269616,	-0.000001

0.000000,	0.000000
0.847203,	0.531270
2.441123,	-0.000011
3.256496,	-0.000001

0.000000,	0.000000
0.845785,	0.533523
2.445235,	-0.000017
3.243375,	-0.000001

0.000000,	0.000000
0.844362,	0.535772
2.449345,	-0.000001
3.230253,	-0.000001

0.000000,	0.000000
0.842933,	0.538018
2.453455,	-0.000005
3.217131,	-0.000001

0.000000,	0.000000
0.841498,	0.540260
2.457563,	0.000006
3.204008,	-0.000001

0.000000,	0.000000
0.840057,	0.542498
2.461670,	0.000016
3.190885,	-0.000000

0.000000,	0.000000
0.838610,	0.544732
2.465776,	0.000009
3.177760,	-0.000000

0.000000,	0.000000
0.837158,	0.546962
2.469880,	0.000003
3.164635,	-0.000000

0.000000,	0.000000
0.835699,	0.549188
2.473984,	-0.000004
3.151510,	0.000000

0.000000,	0.000000
0.834234,	0.551411
2.478086,	-0.000010
3.138383,	0.000000

0.000000,	0.000000
0.832763,	0.553629
2.482187,	-0.000017
3.125256,	0.000000

0.000000,	0.000000
0.831287,	0.555844
2.486287,	-0.000004
3.112128,	0.000001

0.000000,	0.000000
0.829804,	0.558054
2.490386,	0.000005
3.098999,	0.000001

0.000000,	0.000000
0.828316,	0.560261
2.494483,	-0.000001
3.085870,	0.000001

0.000000,	0.000000
0.826822,	0.562464
2.498580,	0.000002
3.072740,	0.000001

0.000000,	0.000000
0.825322,	0.564663
2.502675,	0.000001
3.059609,	0.000001

0.000000,	0.000000
0.823816,	0.566857
2.506769,	0.000001
3.046477,	0.000002

0.000000,	0.000000
0.822304,	0.569048
2.510862,	0.000002
3.033344,	0.000002

0.000000,	0.000000
0.820787,	0.571235
2.514954,	0.000001
3.020211,	0.000002

0.000000,	0.000000
0.819263,	0.573417
2.519045,	0.000002
3.007077,	0.000002

0.000000,	0.000000
0.817734,	0.575596
2.523135,	0.000021
2.993942,	0.000002

0.000000,	0.000000
0.816199,	0.577771
2.527223,	0.000015
2.980807,	0.000003

0.000000,	0.000000
0.814658,	0.579941
2.531311,	0.000008
2.967670,	0.000003

0.000000,	0.000000
0.813112,	0.582107
2.535397,	0.000002
2.954533,	0.000003

0.000000,	0.000000
0.811560,	0.584270
2.539482,	-0.000004
2.941395,	0.000003

0.000000,	0.000000
0.810002,	0.586428
2.543566,	-0.000010
2.928256,	0.000004

0.000000,	0.000000
0.808438,	0.588582
2.547649,	-0.000017
2.915116,	0.000004

0.000000,	0.000000
0.806868,	0.590731
2.551730,	0.000003
2.901976,	0.000004

0.000000,	0.000000
0.805293,	0.592877
2.550947,	0.000008
2.888834,	0.000004

0.000000,	0.000000
0.803712,	0.595018
2.550162,	-0.000002
2.875692,	0.000005

0.000000,	0.000000
0.802126,	0.597155
2.549375,	0.000026
2.862549,	0.000005

0.000000,	0.000000
0.800533,	0.599288
2.548588,	0.000020
2.849405,	0.000005

0.000000,	0.000000
0.798935,	0.601417
2.547800,	0.000013
2.836260,	0.000005

0.000000,	0.000000
0.797332,	0.603541
2.547010,	0.000007
2.823114,	0.000006

0.000000,	0.000000
0.795723,	0.605661
2.546220,	0.000001
2.809967,	0.000006

0.000000,	0.000000
0.794108,	0.607777
2.545428,	-0.000005
2.796820,	0.000006

0.000000,	0.000000
0.792487,	0.609889
2.544635,	-0.000011
2.783671,	0.000006

0.000000,	0.000000
0.790861,	0.611996
2.543841,	-0.000018
2.770522,	0.000007

0.000000,	0.000000
0.789229,	0.614099
2.543046,	0.000020
2.757372,	0.000007

0.000000,	0.000000
0.787592,	0.616197
2.542250,	-0.000006
2.744220,	0.000007

0.000000,	0.000000
0.785949,	0.618291
2.541453,	0.000013
2.731068,	0.000008

0.000000,	0.000000
0.784300,	0.620381
2.540654,	0.000006
2.717915,	0.000008

0.000000,	0.000000
0.782646,	0.622467
2.539855,	0.000004
2.704761,	0.000008

0.000000,	0.000000
0.780987,	0.624547
2.539054,	0.000020
2.691605,	0.000009

0.000000,	0.000000
0.779322,	0.626624
2.538252,	-0.000006
2.678449,	0.000009

0.000000,	0.000000
0.777651,	0.628696
2.537450,	0.000032
2.665292,	0.000009

0.000000,	0.000000
0.775975,	0.630764
2.536646,	-0.000015
2.652134,	0.000010

0.000000,	0.000000
0.774293,	0.632827
2.535841,	0.000022
2.638975,	0.000010

0.000000,	0.000000
0.772606,	0.634886
2.535034,	0.000001
2.625814,	0.000010

0.000000,	0.000000
0.770914,	0.636940
2.534227,	0.000011
2.612653,	0.000011

0.000000,	0.000000
0.769215,	0.638990
2.533419,	0.000019
2.599491,	0.000011

0.000000,	0.000000
0.767512,	0.641035
2.532609,	-0.000001
2.586328,	0.000012

0.000000,	0.000000
0.765803,	0.643075
2.531799,	0.000037
2.573163,	0.000012

0.000000,	0.000000
0.764089,	0.645111
2.530987,	-0.000012
2.559998,	0.000012

0.000000,	0.000000
0.762369,	0.647143
2.530174,	0.000024
2.546831,	0.000013

0.000000,	0.000000
0.760644,	0.649170
2.529360,	0.000009
2.533663,	0.000013

