0.000000,	0.000000
0.597834,	-0.801620
0.013571,	0.009546
10.000000,	0.000000

0.000000,	0.000000
0.599966,	-0.800026
0.036340,	0.008845
9.986993,	-0.000000

0.000000,	0.000000
0.602093,	-0.798426
0.053486,	0.006423
9.973985,	-0.000000

0.000000,	0.000000
0.604216,	-0.796821
0.068117,	0.003666
9.960978,	-0.000000

0.000000,	0.000000
0.606335,	-0.795210
0.081207,	0.000818
9.947970,	-0.000000

0.000000,	0.000000
0.608449,	-0.793593
0.093218,	-0.002045
9.934963,	-0.000000

0.000000,	0.000000
0.610559,	-0.791971
0.104416,	-0.004891
9.921955,	-0.000000

0.000000,	0.000000
0.612665,	-0.790343
0.114968,	-0.007708
9.908947,	-0.000000

0.000000,	0.000000
0.614767,	-0.788709
0.124990,	-0.010489
9.895939,	-0.000000

0.000000,	0.000000
0.616864,	-0.787070
0.134567,	-0.013234
9.882932,	-0.000000

0.000000,	0.000000
0.618956,	-0.785425
0.143760,	-0.015941
9.869924,	-0.000000

0.000000,	0.000000
0.621045,	-0.783775
0.152620,	-0.018612
9.856916,	-0.000000

0.000000,	0.000000
0.623129,	-0.782119
0.161184,	-0.021247
9.843907,	-0.000000

0.000000,	0.000000
0.625208,	-0.780458
0.169485,	-0.023847
9.830899,	-0.000000

0.000000,	0.000000
0.627283,	-0.778791
0.177549,	-0.026414
9.817891,	-0.000000

0.000000,	0.000000
0.629354,	-0.777119
0.185397,	-0.028949
9.804883,	-0.000000

0.000000,	0.000000
0.631420,	-0.775441
0.193048,	-0.031453
9.791874,	-0.000000

0.000000,	0.000000
0.633482,	-0.773757
0.200518,	-0.033928
9.778866,	-0.000000

0.000000,	0.000000
0.635539,	-0.772068
0.207820,	-0.036374
9.765857,	-0.000000

0.000000,	0.000000
0.637592,	-0.770374
0.214968,	-0.038794
9.752849,	-0.000000

0.000000,	0.000000
0.639640,	-0.768674
0.221970,	-0.041188
9.739840,	-0.000000

0.000000,	0.000000
0.641684,	-0.766969
0.228837,	-0.043556
9.726831,	-0.000000

0.000000,	0.000000
0.643723,	-0.765258
0.235578,	-0.045901
9.713822,	-0.000000

0.000000,	0.000000
0.645758,	-0.763542
0.242198,	-0.048222
9.700813,	-0.000000

0.000000,	0.000000
0.647788,	-0.761821
0.248706,	-0.050521
9.687804,	-0.000000

0.000000,	0.000000
0.649813,	-0.760094
0.255107,	-0.052799
9.674795,	-0.000000

0.000000,	0.000000
0.651834,	-0.758362
0.261407,	-0.055055
9.661786,	-0.000000

0.000000,	0.000000
0.653850,	-0.756624
0.267611,	-0.057292
9.648777,	-0.000000

0.000000,	0.000000
0.655862,	-0.754881
0.273724,	-0.059509
9.635767,	-0.000000

0.000000,	0.000000
0.657869,	-0.753132
0.279748,	-0.061707
9.622758,	-0.000000

0.000000,	0.000000
0.659871,	-0.751379
0.285690,	-0.063886
9.609749,	-0.000000

0.000000,	0.000000
0.661869,	-0.749620
0.291552,	-0.066048
9.596739,	-0.000000

0.000000,	0.000000
0.663862,	-0.747855
0.297337,	-0.068193
9.583729,	-0.000000

0.000000,	0.000000
0.665850,	-0.746086
0.303049,	-0.070321
9.570720,	-0.000000

0.000000,	0.000000
0.667833,	-0.744311
0.308690,	-0.072433
9.557710,	-0.000000

0.000000,	0.000000
0.669812,	-0.742531
0.314263,	-0.074529
9.544700,	-0.000000

0.000000,	0.000000
0.671786,	-0.740745
0.319771,	-0.076610
9.531690,	-0.000000

0.000000,	0.000000
0.673755,	-0.738954
0.325216,	-0.078676
9.518680,	-0.000000

0.000000,	0.000000
0.675720,	-0.737158
0.330600,	-0.080727
9.505670,	-0.000000

0.000000,	0.000000
0.677680,	-0.735357
0.335926,	-0.082763
9.492660,	-0.000000

0.000000,	0.000000
0.679635,	-0.733551
0.341194,	-0.084786
9.479650,	-0.000000

0.000000,	0.000000
0.681585,	-0.731739
0.346408,	-0.086796
9.466639,	-0.000000

0.000000,	0.000000
0.683530,	-0.729923
0.351568,	-0.088792
9.453629,	-0.000000

0.000000,	0.000000
0.685470,	-0.728101
0.356676,	-0.090775
9.440618,	-0.000000

0.000000,	0.000000
0.687406,	-0.726273
0.361735,	-0.092746
9.427608,	-0.000000

0.000000,	0.000000
0.689337,	-0.724441
0.366744,	-0.094704
9.414597,	-0.000000

0.000000,	0.000000
0.691262,	-0.722604
0.371707,	-0.096650
9.401587,	-0.000000

0.000000,	0.000000
0.693183,	-0.720761
0.376624,	-0.098585
9.388576,	-0.000000

0.000000,	0.000000
0.695099,	-0.718914
0.381495,	-0.100508
9.375565,	-0.000000

0.000000,	0.000000
0.697010,	-0.717061
0.386324,	-0.102419
9.362554,	-0.000000

0.000000,	0.000000
0.698916,	-0.715203
0.391110,	-0.104320
9.349543,	-0.000000

0.000000,	0.000000
0.700818,	-0.713341
0.395854,	-0.106209
9.336532,	-0.000000

0.000000,	0.000000
0.702714,	-0.711473
0.400559,	-0.108088
9.323520,	-0.000000

0.000000,	0.000000
0.704605,	-0.709600
0.405224,	-0.109957
9.310509,	-0.000000

0.000000,	0.000000
0.706491,	-0.707722
0.409851,	-0.111815
9.297498,	-0.000000

0.000000,	0.000000
0.708373,	-0.705839
0.414440,	-0.113663
9.284486,	-0.000000

0.000000,	0.000000
0.710249,	-0.703951
0.418993,	-0.115501
9.271475,	-0.000000

0.000000,	0.000000
0.712120,	-0.702058
0.423510,	-0.117330
9.258463,	-0.000000

0.000000,	0.000000
0.713986,	-0.700160
0.427993,	-0.119149
9.245452,	-0.000000

0.000000,	0.000000
0.715847,	-0.698257
0.432441,	-0.120959
9.232440,	-0.000000

0.000000,	0.000000
0.717703,	-0.696349
0.436855,	-0.122759
9.219428,	-0.000000

0.000000,	0.000000
0.719554,	-0.694436
0.441237,	-0.124551
9.206416,	-0.000000

0.000000,	0.000000
0.721400,	-0.692519
0.445587,	-0.126334
9.193404,	-0.000000

0.000000,	0.000000
0.723241,	-0.690596
0.449906,	-0.128107
9.180392,	-0.000000

0.000000,	0.000000
0.725076,	-0.688669
0.454194,	-0.129873
9.167380,	-0.000000

0.000000,	0.000000
0.726907,	-0.686736
0.458451,	-0.131630
9.154367,	-0.000000

0.000000,	0.000000
0.728732,	-0.684799
0.462680,	-0.133378
9.141355,	-0.000000

0.000000,	0.000000
0.730552,	-0.682857
0.466879,	-0.135119
9.128342,	-0.000000

0.000000,	0.000000
0.732367,	-0.680910
0.471050,	-0.136851
9.115330,	-0.000000

0.000000,	0.000000
0.734177,	-0.678958
0.475193,	-0.138576
9.102317,	-0.000000

0.000000,	0.000000
0.735982,	-0.677002
0.479308,	-0.140292
9.089304,	-0.000000

0.000000,	0.000000
0.737781,	-0.675040
0.483397,	-0.142001
9.076292,	-0.000000

0.000000,	0.000000
0.739575,	-0.673074
0.487459,	-0.143703
9.063279,	-0.000000

0.000000,	0.000000
0.741364,	-0.671103
0.491495,	-0.145397
9.050266,	-0.000000

0.000000,	0.000000
0.743148,	-0.669128
0.495506,	-0.147083
9.037253,	-0.000000

0.000000,	0.000000
0.744926,	-0.667147
0.499492,	-0.148763
9.024240,	-0.000000

0.000000,	0.000000
0.746699,	-0.665162
0.503453,	-0.150435
9.011226,	-0.000000

0.000000,	0.000000
0.748467,	-0.663172
0.507390,	-0.152100
8.998213,	-0.000000

0.000000,	0.000000
0.750229,	-0.661178
0.511303,	-0.153758
8.985200,	-0.000000

0.000000,	0.000000
0.751987,	-0.659178
0.515192,	-0.155410
8.972186,	-0.000000

0.000000,	0.000000
0.753738,	-0.657175
0.519059,	-0.157055
8.959173,	-0.000000

0.000000,	0.000000
0.755485,	-0.655166
0.522903,	-0.158693
8.946159,	-0.000000

0.000000,	0.000000
0.757226,	-0.653153
0.526724,	-0.160324
8.933145,	-0.000000

0.000000,	0.000000
0.758962,	-0.651135
0.530523,	-0.161949
8.920131,	-0.000000

0.000000,	0.000000
0.760692,	-0.649113
0.534301,	-0.163568
8.907117,	-0.000000

0.000000,	0.000000
0.762417,	-0.647086
0.538058,	-0.165180
8.894103,	-0.000000

0.000000,	0.000000
0.764137,	-0.645054
0.541793,	-0.166786
8.881089,	-0.000000

0.000000,	0.000000
0.765851,	-0.643018
0.545507,	-0.168386
8.868075,	-0.000000

0.000000,	0.000000
0.767560,	-0.640977
0.549202,	-0.169980
8.855061,	-0.000000

0.000000,	0.000000
0.769263,	-0.638932
0.552876,	-0.171568
8.842046,	-0.000000

0.000000,	0.000000
0.770961,	-0.636882
0.556530,	-0.173150
8.829032,	-0.000000

0.000000,	0.000000
0.772654,	-0.634828
0.560164,	-0.174726
8.816017,	-0.000000

0.000000,	0.000000
0.774341,	-0.632769
0.563780,	-0.176296
8.803002,	-0.000000

0.000000,	0.000000
0.776022,	-0.630705
0.567376,	-0.177861
8.789988,	-0.000000

0.000000,	0.000000
0.777698,	-0.628638
0.570953,	-0.179420
8.776973,	-0.000000

0.000000,	0.000000
0.779369,	-0.626565
0.574512,	-0.180974
8.763958,	-0.000000

0.000000,	0.000000
0.781034,	-0.624489
0.578053,	-0.182522
8.750943,	-0.000000

0.000000,	0.000000
0.782693,	-0.622408
0.581575,	-0.184064
8.737928,	-0.000000

0.000000,	0.000000
0.784347,	-0.620322
0.585080,	-0.185602
8.724912,	-0.000000

0.000000,	0.000000
0.785995,	-0.618232
0.588567,	-0.187134
8.711897,	-0.000000

0.000000,	0.000000
0.787638,	-0.616138
0.592037,	-0.188661
8.698882,	-0.000000

0.000000,	0.000000
0.789275,	-0.614039
0.595490,	-0.190182
8.685866,	-0.000000

0.000000,	0.000000
0.790907,	-0.611936
0.598926,	-0.191699
8.672851,	-0.000000

0.000000,	0.000000
0.792533,	-0.609829
0.602345,	-0.193210
8.659835,	-0.000000

0.000000,	0.000000
0.794153,	-0.607717
0.605747,	-0.194717
8.646819,	-0.000000

0.000000,	0.000000
0.795768,	-0.605601
0.609133,	-0.196218
8.633803,	-0.000001

0.000000,	0.000000
0.797377,	-0.603481
0.612503,	-0.197715
8.620787,	-0.000001

0.000000,	0.000000
0.798981,	-0.601357
0.615857,	-0.199207
8.607771,	-0.000001

0.000000,	0.000000
0.800578,	-0.599228
0.619196,	-0.200694
8.594755,	-0.000001

0.000000,	0.000000
0.802171,	-0.597095
0.622518,	-0.202176
8.581739,	-0.000001

0.000000,	0.000000
0.803757,	-0.594958
0.625826,	-0.203654
8.568722,	-0.000001

0.000000,	0.000000
0.805338,	-0.592816
0.629118,	-0.205128
8.555706,	-0.000001

0.000000,	0.000000
0.806913,	-0.590671
0.632395,	-0.206596
8.542689,	-0.000001

0.000000,	0.000000
0.808482,	-0.588521
0.635657,	-0.208060
8.529673,	-0.000001

0.000000,	0.000000
0.810046,	-0.586367
0.638905,	-0.209520
8.516656,	-0.000001

0.000000,	0.000000
0.811604,	-0.584209
0.642138,	-0.210976
8.503639,	-0.000001

0.000000,	0.000000
0.813156,	-0.582046
0.645357,	-0.212427
8.490622,	-0.000001

0.000000,	0.000000
0.814702,	-0.579880
0.648561,	-0.213874
8.477605,	-0.000001

0.000000,	0.000000
0.816243,	-0.577709
0.651751,	-0.215316
8.464588,	-0.000001

0.000000,	0.000000
0.817777,	-0.575535
0.654928,	-0.216755
8.451571,	-0.000001

0.000000,	0.000000
0.819306,	-0.573356
0.658091,	-0.218189
8.438553,	-0.000001

0.000000,	0.000000
0.820830,	-0.571173
0.661240,	-0.219619
8.425536,	-0.000001

0.000000,	0.000000
0.822347,	-0.568986
0.664375,	-0.221045
8.412518,	-0.000001

0.000000,	0.000000
0.823859,	-0.566795
0.667498,	-0.222468
8.399501,	-0.000001

0.000000,	0.000000
0.825364,	-0.564601
0.670607,	-0.223886
8.386483,	-0.000001

0.000000,	0.000000
0.826864,	-0.562402
0.673703,	-0.225300
8.373465,	-0.000001

0.000000,	0.000000
0.828358,	-0.560199
0.676786,	-0.226711
8.360447,	-0.000001

0.000000,	0.000000
0.829846,	-0.557992
0.679856,	-0.228118
8.347429,	-0.000001

0.000000,	0.000000
0.831329,	-0.555781
0.682914,	-0.229521
8.334411,	-0.000001

0.000000,	0.000000
0.832805,	-0.553567
0.685959,	-0.230920
8.321393,	-0.000001

0.000000,	0.000000
0.834275,	-0.551348
0.688992,	-0.232316
8.308374,	-0.000001

0.000000,	0.000000
0.835740,	-0.549125
0.692012,	-0.233708
8.295356,	-0.000001

0.000000,	0.000000
0.837199,	-0.546899
0.695020,	-0.235096
8.282337,	-0.000001

0.000000,	0.000000
0.838651,	-0.544669
0.698017,	-0.236481
8.269318,	-0.000001

0.000000,	0.000000
0.840098,	-0.542434
0.701001,	-0.237863
8.256300,	-0.000001

0.000000,	0.000000
0.841539,	-0.540196
0.703974,	-0.239241
8.243281,	-0.000001

0.000000,	0.000000
0.842974,	-0.537955
0.706934,	-0.240616
8.230262,	-0.000001

0.000000,	0.000000
0.844403,	-0.535709
0.709884,	-0.241987
8.217243,	-0.000001

0.000000,	0.000000
0.845826,	-0.533459
0.712821,	-0.243355
8.204223,	-0.000001

0.000000,	0.000000
0.847243,	-0.531206
0.715748,	-0.244720
8.191204,	-0.000001

0.000000,	0.000000
0.848653,	-0.528949
0.718663,	-0.246082
8.178185,	-0.000001

0.000000,	0.000000
0.850058,	-0.526689
0.721567,	-0.247441
8.165165,	-0.000001

0.000000,	0.000000
0.851457,	-0.524424
0.724460,	-0.248797
8.152146,	-0.000001

0.000000,	0.000000
0.852850,	-0.522156
0.727342,	-0.250149
8.139126,	-0.000001

0.000000,	0.000000
0.854237,	-0.519884
0.730214,	-0.251499
8.126106,	-0.000001

0.000000,	0.000000
0.855618,	-0.517608
0.733074,	-0.252845
8.113086,	-0.000001

0.000000,	0.000000
0.856992,	-0.515329
0.735924,	-0.254189
8.100066,	-0.000001

0.000000,	0.000000
0.858361,	-0.513046
0.738764,	-0.255530
8.087046,	-0.000001

0.000000,	0.000000
0.859723,	-0.510760
0.741593,	-0.256868
8.074026,	-0.000001

0.000000,	0.000000
0.861080,	-0.508470
0.744412,	-0.258204
8.061005,	-0.000001

0.000000,	0.000000
0.862430,	-0.506176
0.747221,	-0.259536
8.047985,	-0.000001

0.000000,	0.000000
0.863774,	-0.503879
0.750019,	-0.260866
8.034964,	-0.000001

0.000000,	0.000000
0.865113,	-0.501578
0.752808,	-0.262194
8.021943,	-0.000001

0.000000,	0.000000
0.866445,	-0.499273
0.755586,	-0.263519
8.008923,	-0.000001

0.000000,	0.000000
0.867770,	-0.496965
0.758355,	-0.264842
7.995902,	-0.000001

0.000000,	0.000000
0.869090,	-0.494654
0.761114,	-0.266162
7.982881,	-0.000001

0.000000,	0.000000
0.870404,	-0.492339
0.763864,	-0.267480
7.969859,	-0.000001

0.000000,	0.000000
0.871711,	-0.490020
0.766604,	-0.268795
7.956838,	-0.000001

0.000000,	0.000000
0.873012,	-0.487698
0.769334,	-0.270108
7.943817,	-0.000001

0.000000,	0.000000
0.874307,	-0.485373
0.772056,	-0.271420
7.930795,	-0.000001

0.000000,	0.000000
0.875596,	-0.483044
0.774768,	-0.272729
7.917774,	-0.000001

0.000000,	0.000000
0.876879,	-0.480712
0.777471,	-0.274036
7.904752,	-0.000001

0.000000,	0.000000
0.878155,	-0.478376
0.780165,	-0.275341
7.891730,	-0.000001

0.000000,	0.000000
0.879425,	-0.476037
0.782850,	-0.276644
7.878708,	-0.000001

0.000000,	0.000000
0.880689,	-0.473695
0.785526,	-0.277946
7.865686,	-0.000001

0.000000,	0.000000
0.881947,	-0.471349
0.788193,	-0.279245
7.852664,	-0.000001

0.000000,	0.000000
0.883198,	-0.469000
0.790852,	-0.280543
7.839642,	-0.000001

0.000000,	0.000000
0.884444,	-0.466647
0.793502,	-0.281840
7.826619,	-0.000001

0.000000,	0.000000
0.885682,	-0.464291
0.796144,	-0.283135
7.813597,	-0.000001

0.000000,	0.000000
0.886915,	-0.461932
0.798778,	-0.284428
7.800574,	-0.000001

0.000000,	0.000000
0.888142,	-0.459570
0.801403,	-0.285721
7.787551,	-0.000001

0.000000,	0.000000
0.889362,	-0.457204
0.804020,	-0.287012
7.774528,	-0.000001

0.000000,	0.000000
0.890575,	-0.454836
0.806630,	-0.288302
7.761505,	-0.000001

0.000000,	0.000000
0.891783,	-0.452464
0.809231,	-0.289591
7.748482,	-0.000001

0.000000,	0.000000
0.892984,	-0.450088
0.811824,	-0.290879
7.735459,	-0.000001

0.000000,	0.000000
0.894179,	-0.447710
0.814410,	-0.292166
7.722436,	-0.000001

0.000000,	0.000000
0.895367,	-0.445328
0.816989,	-0.293453
7.709412,	-0.000001

0.000000,	0.000000
0.896550,	-0.442943
0.819560,	-0.294739
7.696389,	-0.000002

0.000000,	0.000000
0.897725,	-0.440556
0.822123,	-0.296025
7.683365,	-0.000002

0.000000,	0.000000
0.898895,	-0.438164
0.824680,	-0.297310
7.670341,	-0.000002

0.000000,	0.000000
0.900058,	-0.435770
0.827230,	-0.298596
7.657317,	-0.000002

0.000000,	0.000000
0.901215,	-0.433373
0.829772,	-0.299881
7.644293,	-0.000002

0.000000,	0.000000
0.902365,	-0.430973
0.832308,	-0.301167
7.631269,	-0.000002

0.000000,	0.000000
0.903509,	-0.428569
0.834838,	-0.302453
7.618245,	-0.000002

0.000000,	0.000000
0.904646,	-0.426163
0.837361,	-0.303740
7.605220,	-0.000002

0.000000,	0.000000
0.905777,	-0.423754
0.839878,	-0.305028
7.592196,	-0.000002

0.000000,	0.000000
0.906902,	-0.421341
0.842389,	-0.306317
7.579171,	-0.000002

0.000000,	0.000000
0.908020,	-0.418926
0.844894,	-0.307607
7.566146,	-0.000002

0.000000,	0.000000
0.909132,	-0.416508
0.847394,	-0.308899
7.553121,	-0.000002

0.000000,	0.000000
0.910238,	-0.414086
0.849888,	-0.310192
7.540096,	-0.000002

0.000000,	0.000000
0.911337,	-0.411662
0.852377,	-0.311488
7.527071,	-0.000002

0.000000,	0.000000
0.912429,	-0.409235
0.854862,	-0.312787
7.514046,	-0.000002

0.000000,	0.000000
0.913515,	-0.406805
0.857342,	-0.314088
7.501020,	-0.000002

0.000000,	0.000000
0.914595,	-0.404372
0.859818,	-0.315393
7.487995,	-0.000002

0.000000,	0.000000
0.915668,	-0.401936
0.862290,	-0.316702
7.474969,	-0.000002

0.000000,	0.000000
0.916734,	-0.399497
0.864759,	-0.318015
7.461943,	-0.000002

0.000000,	0.000000
0.917794,	-0.397056
0.867225,	-0.319333
7.448917,	-0.000002

0.000000,	0.000000
0.918848,	-0.394612
0.869689,	-0.320657
7.435891,	-0.000002

0.000000,	0.000000
0.919895,	-0.392164
0.872152,	-0.321986
7.422865,	-0.000002

0.000000,	0.000000
0.920936,	-0.389715
0.874613,	-0.323323
7.409838,	-0.000002

0.000000,	0.000000
0.921970,	-0.387262
0.877075,	-0.324669
7.396812,	-0.000002

0.000000,	0.000000
0.922997,	-0.384807
0.879537,	-0.326023
7.383785,	-0.000002

0.000000,	0.000000
0.924018,	-0.382349
0.882002,	-0.327387
7.370759,	-0.000002

0.000000,	0.000000
0.925033,	-0.379888
0.884470,	-0.328763
7.357732,	-0.000002

0.000000,	0.000000
0.926040,	-0.377424
0.886943,	-0.330152
7.344705,	-0.000002

0.000000,	0.000000
0.927042,	-0.374958
0.889424,	-0.331556
7.331678,	-0.000002

0.000000,	0.000000
0.928037,	-0.372489
0.891915,	-0.332977
7.318650,	-0.000002

0.000000,	0.000000
0.929025,	-0.370018
0.894419,	-0.334418
7.305623,	-0.000002

0.000000,	0.000000
0.930006,	-0.367544
0.896940,	-0.335881
7.292595,	-0.000002

0.000000,	0.000000
0.930981,	-0.365067
0.899483,	-0.337370
7.279568,	-0.000002

0.000000,	0.000000
0.931950,	-0.362588
0.902057,	-0.338888
7.266540,	-0.000002

0.000000,	0.000000
0.932911,	-0.360106
0.904671,	-0.340441
7.253512,	-0.000002

0.000000,	0.000000
0.933867,	-0.357621
0.907337,	-0.342033
7.240484,	-0.000002

0.000000,	0.000000
0.934815,	-0.355134
0.910076,	-0.343668
7.227456,	-0.000002

0.000000,	0.000000
0.935757,	-0.352645
0.912914,	-0.345349
7.214428,	-0.000002

0.000000,	0.000000
0.936692,	-0.350153
0.915890,	-0.347072
7.201399,	-0.000002

0.000000,	0.000000
0.937621,	-0.347659
0.919052,	-0.348819
7.188370,	-0.000002

0.000000,	0.000000
0.938543,	-0.345162
0.922454,	-0.350544
7.175342,	-0.000002

0.000000,	0.000000
0.939459,	-0.342662
0.926211,	-0.351958
7.162313,	-0.000002

0.000000,	0.000000
0.940367,	-0.340161
0.930301,	-0.352982
7.149284,	-0.000002

0.000000,	0.000000
0.941269,	-0.337656
0.934584,	-0.353753
7.136255,	-0.000002

0.000000,	0.000000
0.942165,	-0.335150
0.938971,	-0.354262
7.123225,	-0.000002

0.000000,	0.000000
0.943054,	-0.332641
0.943392,	-0.354544
7.110196,	-0.000002

0.000000,	0.000000
0.943936,	-0.330130
0.947805,	-0.354642
7.097166,	-0.000002

0.000000,	0.000000
0.944811,	-0.327616
0.952191,	-0.354599
7.084137,	-0.000003

0.000000,	0.000000
0.945680,	-0.325100
0.956543,	-0.354447
7.071107,	-0.000003

0.000000,	0.000000
0.946542,	-0.322582
0.960857,	-0.354209
7.058077,	-0.000003

0.000000,	0.000000
0.947397,	-0.320061
0.965136,	-0.353903
7.045047,	-0.000003

0.000000,	0.000000
0.948245,	-0.317538
0.969381,	-0.353542
7.032016,	-0.000003

0.000000,	0.000000
0.949087,	-0.315013
0.973595,	-0.353136
7.018986,	-0.000003

0.000000,	0.000000
0.949922,	-0.312486
0.977780,	-0.352693
7.005955,	-0.000003

0.000000,	0.000000
0.950751,	-0.309957
0.981938,	-0.352217
6.992924,	-0.000003

0.000000,	0.000000
0.951572,	-0.307425
0.986072,	-0.351714
6.979894,	-0.000003

0.000000,	0.000000
0.952387,	-0.304891
0.990182,	-0.351187
6.966863,	-0.000003

0.000000,	0.000000
0.953195,	-0.302355
0.994272,	-0.350639
6.953831,	-0.000003

0.000000,	0.000000
0.953997,	-0.299817
0.998341,	-0.350073
6.940800,	-0.000003

0.000000,	0.000000
0.954791,	-0.297276
1.002392,	-0.349490
6.927769,	-0.000003

0.000000,	0.000000
0.955579,	-0.294734
1.006426,	-0.348893
6.914737,	-0.000003

0.000000,	0.000000
0.956360,	-0.292189
1.010443,	-0.348282
6.901705,	-0.000003

0.000000,	0.000000
0.957135,	-0.289643
1.014444,	-0.347658
6.888673,	-0.000003

0.000000,	0.000000
0.957902,	-0.287094
1.018430,	-0.347024
6.875641,	-0.000003

0.000000,	0.000000
0.958663,	-0.284544
1.022402,	-0.346379
6.862609,	-0.000003

0.000000,	0.000000
0.959417,	-0.281991
1.026361,	-0.345725
6.849577,	-0.000003

0.000000,	0.000000
0.960164,	-0.279436
1.030306,	-0.345062
6.836544,	-0.000003

0.000000,	0.000000
0.960905,	-0.276880
1.034239,	-0.344390
6.823512,	-0.000003

0.000000,	0.000000
0.961638,	-0.274321
1.038160,	-0.343711
6.810479,	-0.000003

0.000000,	0.000000
0.962365,	-0.271760
1.042070,	-0.343024
6.797446,	-0.000003

0.000000,	0.000000
0.963085,	-0.269198
1.045968,	-0.342331
6.784413,	-0.000003

0.000000,	0.000000
0.963798,	-0.266634
1.049856,	-0.341631
6.771379,	-0.000003

0.000000,	0.000000
0.964504,	-0.264067
1.053733,	-0.340925
6.758346,	-0.000003

0.000000,	0.000000
0.965204,	-0.261499
1.057600,	-0.340213
6.745312,	-0.000003

0.000000,	0.000000
0.965896,	-0.258929
1.061457,	-0.339495
6.732278,	-0.000003

0.000000,	0.000000
0.966582,	-0.256357
1.065304,	-0.338773
6.719245,	-0.000003

0.000000,	0.000000
0.967261,	-0.253784
1.069143,	-0.338045
6.706211,	-0.000003

0.000000,	0.000000
0.967933,	-0.251208
1.072972,	-0.337312
6.693176,	-0.000003

0.000000,	0.000000
0.968598,	-0.248631
1.076792,	-0.336575
6.680142,	-0.000003

0.000000,	0.000000
0.969257,	-0.246052
1.080603,	-0.335834
6.667107,	-0.000003

0.000000,	0.000000
0.969908,	-0.243471
1.084406,	-0.335088
6.654073,	-0.000003

0.000000,	0.000000
0.970553,	-0.240889
1.088200,	-0.334338
6.641038,	-0.000003

0.000000,	0.000000
0.971190,	-0.238305
1.091987,	-0.333584
6.628003,	-0.000003

0.000000,	0.000000
0.971821,	-0.235719
1.095765,	-0.332826
6.614968,	-0.000003

0.000000,	0.000000
0.972445,	-0.233131
1.099535,	-0.332064
6.601932,	-0.000003

0.000000,	0.000000
0.973062,	-0.230542
1.103298,	-0.331299
6.588897,	-0.000003

0.000000,	0.000000
0.973673,	-0.227951
1.107053,	-0.330531
6.575861,	-0.000004

0.000000,	0.000000
0.974276,	-0.225359
1.110801,	-0.329759
6.562825,	-0.000004

0.000000,	0.000000
0.974872,	-0.222765
1.114541,	-0.328983
6.549789,	-0.000004

0.000000,	0.000000
0.975462,	-0.220169
1.118275,	-0.328205
6.536753,	-0.000004

0.000000,	0.000000
0.976044,	-0.217572
1.122001,	-0.327424
6.523717,	-0.000004

0.000000,	0.000000
0.976620,	-0.214973
1.125720,	-0.326639
6.510680,	-0.000004

0.000000,	0.000000
0.977189,	-0.212373
1.129432,	-0.325852
6.497643,	-0.000004

0.000000,	0.000000
0.977750,	-0.209771
1.133137,	-0.325062
6.484607,	-0.000004

0.000000,	0.000000
0.978305,	-0.207168
1.136836,	-0.324269
6.471570,	-0.000004

0.000000,	0.000000
0.978853,	-0.204563
1.140528,	-0.323473
6.458532,	-0.000004

0.000000,	0.000000
0.979394,	-0.201957
1.144214,	-0.322675
6.445495,	-0.000004

0.000000,	0.000000
0.979928,	-0.199350
1.147893,	-0.321874
6.432457,	-0.000004

0.000000,	0.000000
0.980456,	-0.196741
1.151566,	-0.321070
6.419420,	-0.000004

0.000000,	0.000000
0.980976,	-0.194130
1.155232,	-0.320265
6.406382,	-0.000004

0.000000,	0.000000
0.981489,	-0.191519
1.158892,	-0.319456
6.393344,	-0.000004

0.000000,	0.000000
0.981995,	-0.188905
1.162546,	-0.318646
6.380306,	-0.000004

0.000000,	0.000000
0.982495,	-0.186291
1.166194,	-0.317833
6.367267,	-0.000004

0.000000,	0.000000
0.982987,	-0.183675
1.169836,	-0.317018
6.354229,	-0.000004

0.000000,	0.000000
0.983472,	-0.181058
1.173472,	-0.316201
6.341190,	-0.000004

0.000000,	0.000000
0.983951,	-0.178440
1.177103,	-0.315381
6.328151,	-0.000004

0.000000,	0.000000
0.984422,	-0.175820
1.180727,	-0.314560
6.315112,	-0.000004

0.000000,	0.000000
0.984887,	-0.173199
1.184346,	-0.313736
6.302072,	-0.000004

0.000000,	0.000000
0.985344,	-0.170577
1.187958,	-0.312910
6.289033,	-0.000004

0.000000,	0.000000
0.985795,	-0.167954
1.191566,	-0.312083
6.275993,	-0.000004

0.000000,	0.000000
0.986238,	-0.165330
1.195167,	-0.311253
6.262953,	-0.000004

0.000000,	0.000000
0.986675,	-0.162704
1.198763,	-0.310421
6.249913,	-0.000004

0.000000,	0.000000
0.987105,	-0.160077
1.202354,	-0.309588
6.236873,	-0.000004

0.000000,	0.000000
0.987527,	-0.157449
1.205939,	-0.308753
6.223833,	-0.000004

0.000000,	0.000000
0.987943,	-0.154820
1.209519,	-0.307915
6.210792,	-0.000004

0.000000,	0.000000
0.988351,	-0.152190
1.213094,	-0.307077
6.197752,	-0.000004

0.000000,	0.000000
0.988753,	-0.149559
1.216663,	-0.306236
6.184711,	-0.000004

0.000000,	0.000000
0.989147,	-0.146926
1.220227,	-0.305394
6.171670,	-0.000004

0.000000,	0.000000
0.989535,	-0.144293
1.223785,	-0.304549
6.158628,	-0.000004

0.000000,	0.000000
0.989916,	-0.141659
1.227339,	-0.303704
6.145587,	-0.000005

0.000000,	0.000000
0.990289,	-0.139023
1.230887,	-0.302856
6.132545,	-0.000005

0.000000,	0.000000
0.990656,	-0.136387
1.234431,	-0.302007
6.119503,	-0.000005

0.000000,	0.000000
0.991015,	-0.133750
1.237969,	-0.301157
6.106461,	-0.000005

0.000000,	0.000000
0.991368,	-0.131111
1.241502,	-0.300305
6.093419,	-0.000005

0.000000,	0.000000
0.991713,	-0.128472
1.245031,	-0.299451
6.080376,	-0.000005

0.000000,	0.000000
0.992052,	-0.125832
1.248554,	-0.298596
6.067334,	-0.000005

0.000000,	0.000000
0.992383,	-0.123191
1.252073,	-0.297739
6.054291,	-0.000005

0.000000,	0.000000
0.992707,	-0.120549
1.255586,	-0.296881
6.041248,	-0.000005

0.000000,	0.000000
0.993025,	-0.117907
1.259095,	-0.296021
6.028205,	-0.000005

0.000000,	0.000000
0.993335,	-0.115263
1.262599,	-0.295160
6.015161,	-0.000005

0.000000,	0.000000
0.993638,	-0.112619
1.266098,	-0.294298
6.002118,	-0.000005

0.000000,	0.000000
0.993935,	-0.109974
1.269593,	-0.293434
5.989074,	-0.000005

0.000000,	0.000000
0.994224,	-0.107328
1.273083,	-0.292568
5.976030,	-0.000005

0.000000,	0.000000
0.994506,	-0.104681
1.276568,	-0.291702
5.962986,	-0.000005

0.000000,	0.000000
0.994781,	-0.102033
1.280049,	-0.290834
5.949941,	-0.000005

0.000000,	0.000000
0.995049,	-0.099385
1.283525,	-0.289965
5.936896,	-0.000005

0.000000,	0.000000
0.995310,	-0.096736
1.286997,	-0.289094
5.923852,	-0.000005

0.000000,	0.000000
0.995564,	-0.094087
1.290464,	-0.288223
5.910807,	-0.000005

0.000000,	0.000000
0.995811,	-0.091437
1.293926,	-0.287350
5.897761,	-0.000005

0.000000,	0.000000
0.996051,	-0.088786
1.297384,	-0.286475
5.884716,	-0.000005

0.000000,	0.000000
0.996284,	-0.086134
1.300838,	-0.285600
5.871670,	-0.000005

0.000000,	0.000000
0.996509,	-0.083482
1.304287,	-0.284723
5.858624,	-0.000005

0.000000,	0.000000
0.996728,	-0.080829
1.307732,	-0.283845
5.845578,	-0.000005

0.000000,	0.000000
0.996940,	-0.078176
1.311172,	-0.282966
5.832532,	-0.000005

0.000000,	0.000000
0.997144,	-0.075522
1.314608,	-0.282086
5.819486,	-0.000005

0.000000,	0.000000
0.997342,	-0.072868
1.318040,	-0.281205
5.806439,	-0.000005

0.000000,	0.000000
0.997532,	-0.070213
1.321468,	-0.280322
5.793392,	-0.000005

0.000000,	0.000000
0.997715,	-0.067558
1.324891,	-0.279439
5.780345,	-0.000005

0.000000,	0.000000
0.997892,	-0.064902
1.328310,	-0.278554
5.767298,	-0.000005

0.000000,	0.000000
0.998061,	-0.062246
1.331725,	-0.277668
5.754250,	-0.000006

0.000000,	0.000000
0.998223,	-0.059589
1.335136,	-0.276781
5.741202,	-0.000006

0.000000,	0.000000
0.998378,	-0.056932
1.338542,	-0.275893
5.728154,	-0.000006

0.000000,	0.000000
0.998526,	-0.054274
1.341945,	-0.275004
5.715106,	-0.000006

0.000000,	0.000000
0.998667,	-0.051616
1.345343,	-0.274114
5.702058,	-0.000006

0.000000,	0.000000
0.998801,	-0.048958
1.348738,	-0.273223
5.689009,	-0.000006

0.000000,	0.000000
0.998928,	-0.046299
1.352128,	-0.272331
5.675960,	-0.000006

0.000000,	0.000000
0.999047,	-0.043640
1.355514,	-0.271438
5.662911,	-0.000006

0.000000,	0.000000
0.999160,	-0.040981
1.358896,	-0.270544
5.649862,	-0.000006

0.000000,	0.000000
0.999265,	-0.038321
1.362275,	-0.269649
5.636812,	-0.000006

0.000000,	0.000000
0.999364,	-0.035661
1.365649,	-0.268754
5.623763,	-0.000006

0.000000,	0.000000
0.999455,	-0.033001
1.369019,	-0.267857
5.610713,	-0.000006

0.000000,	0.000000
0.999540,	-0.030341
1.372386,	-0.266959
5.597662,	-0.000006

0.000000,	0.000000
0.999617,	-0.027680
1.375748,	-0.266060
5.584612,	-0.000006

0.000000,	0.000000
0.999687,	-0.025019
1.379107,	-0.265161
5.571561,	-0.000006

0.000000,	0.000000
0.999750,	-0.022358
1.382462,	-0.264260
5.558510,	-0.000006

0.000000,	0.000000
0.999806,	-0.019697
1.385812,	-0.263359
5.545459,	-0.000006

0.000000,	0.000000
0.999855,	-0.017036
1.389160,	-0.262456
5.532408,	-0.000006

0.000000,	0.000000
0.999897,	-0.014375
1.392503,	-0.261553
5.519356,	-0.000006

0.000000,	0.000000
0.999931,	-0.011713
1.395843,	-0.260649
5.506305,	-0.000006

0.000000,	0.000000
0.999959,	-0.009052
1.399178,	-0.259744
5.493253,	-0.000006

0.000000,	0.000000
0.999980,	-0.006390
1.402510,	-0.258839
5.480200,	-0.000006

0.000000,	0.000000
0.999993,	-0.003728
1.405839,	-0.257932
5.467148,	-0.000006

0.000000,	0.000000
0.999999,	-0.001067
1.409163,	-0.257025
5.454095,	-0.000006

0.000000,	0.000000
0.999999,	0.001595
1.412484,	-0.256117
5.441042,	-0.000006

0.000000,	0.000000
0.999991,	0.004257
1.415802,	-0.255208
5.427989,	-0.000006

0.000000,	0.000000
0.999976,	0.006918
1.419116,	-0.254298
5.414935,	-0.000006

0.000000,	0.000000
0.999954,	0.009580
1.422426,	-0.253388
5.401882,	-0.000006

0.000000,	0.000000
0.999925,	0.012241
1.425732,	-0.252476
5.388828,	-0.000006

0.000000,	0.000000
0.999889,	0.014903
1.429035,	-0.251564
5.375773,	-0.000007

0.000000,	0.000000
0.999846,	0.017564
1.432334,	-0.250651
5.362719,	-0.000007

0.000000,	0.000000
0.999795,	0.020226
1.435630,	-0.249738
5.349664,	-0.000007

0.000000,	0.000000
0.999738,	0.022887
1.438922,	-0.248823
5.336609,	-0.000007

0.000000,	0.000000
0.999674,	0.025548
1.442211,	-0.247908
5.323554,	-0.000007

0.000000,	0.000000
0.999602,	0.028208
1.445496,	-0.246993
5.310498,	-0.000007

0.000000,	0.000000
0.999523,	0.030869
1.448778,	-0.246076
5.297443,	-0.000007

0.000000,	0.000000
0.999438,	0.033529
1.452056,	-0.245159
5.284387,	-0.000007

0.000000,	0.000000
0.999345,	0.036189
1.455331,	-0.244241
5.271331,	-0.000007

0.000000,	0.000000
0.999245,	0.038849
1.458602,	-0.243323
5.258274,	-0.000007

0.000000,	0.000000
0.999138,	0.041509
1.461870,	-0.242403
5.245217,	-0.000007

0.000000,	0.000000
0.999024,	0.044168
1.465135,	-0.241483
5.232160,	-0.000007

0.000000,	0.000000
0.998903,	0.046827
1.468396,	-0.240563
5.219103,	-0.000007

0.000000,	0.000000
0.998775,	0.049485
1.471654,	-0.239642
5.206045,	-0.000007

0.000000,	0.000000
0.998640,	0.052144
1.474908,	-0.238720
5.192988,	-0.000007

0.000000,	0.000000
0.998497,	0.054802
1.478160,	-0.237797
5.179930,	-0.000007

0.000000,	0.000000
0.998348,	0.057459
1.481407,	-0.236874
5.166871,	-0.000007

0.000000,	0.000000
0.998191,	0.060116
1.484652,	-0.235950
5.153813,	-0.000007

0.000000,	0.000000
0.998028,	0.062773
1.487893,	-0.235026
5.140754,	-0.000007

0.000000,	0.000000
0.997857,	0.065429
1.491131,	-0.234100
5.127695,	-0.000007

0.000000,	0.000000
0.997680,	0.068085
1.494366,	-0.233175
5.114635,	-0.000007

0.000000,	0.000000
0.997495,	0.070740
1.497597,	-0.232249
5.101576,	-0.000007

0.000000,	0.000000
0.997303,	0.073395
1.500825,	-0.231322
5.088516,	-0.000007

0.000000,	0.000000
0.997104,	0.076049
1.504050,	-0.230394
5.075455,	-0.000007

0.000000,	0.000000
0.996898,	0.078703
1.507272,	-0.229466
5.062395,	-0.000007

0.000000,	0.000000
0.996685,	0.081356
1.510490,	-0.228537
5.049334,	-0.000007

0.000000,	0.000000
0.996465,	0.084009
1.513706,	-0.227608
5.036273,	-0.000007

0.000000,	0.000000
0.996238,	0.086661
1.516918,	-0.226678
5.023212,	-0.000007

0.000000,	0.000000
0.996004,	0.089312
1.520127,	-0.225748
5.010150,	-0.000007

0.000000,	0.000000
0.995762,	0.091963
1.523333,	-0.224817
4.997088,	-0.000008

0.000000,	0.000000
0.995514,	0.094613
1.526536,	-0.223886
4.984026,	-0.000008

0.000000,	0.000000
0.995259,	0.097262
1.529736,	-0.222954
4.970963,	-0.000008

0.000000,	0.000000
0.994996,	0.099911
1.532932,	-0.222021
4.957901,	-0.000008

0.000000,	0.000000
0.994727,	0.102559
1.536126,	-0.221088
4.944838,	-0.000008

0.000000,	0.000000
0.994450,	0.105206
1.539316,	-0.220154
4.931774,	-0.000008

0.000000,	0.000000
0.994167,	0.107853
1.542504,	-0.219220
4.918711,	-0.000008

0.000000,	0.000000
0.993876,	0.110499
1.545688,	-0.218286
4.905647,	-0.000008

0.000000,	0.000000
0.993579,	0.113144
1.548869,	-0.217351
4.892582,	-0.000008

0.000000,	0.000000
0.993274,	0.115788
1.552048,	-0.216415
4.879518,	-0.000008

0.000000,	0.000000
0.992962,	0.118431
1.555223,	-0.215479
4.866453,	-0.000008

0.000000,	0.000000
0.992644,	0.121074
1.558395,	-0.214542
4.853388,	-0.000008

0.000000,	0.000000
0.992318,	0.123715
1.561564,	-0.213605
4.840322,	-0.000008

0.000000,	0.000000
0.991985,	0.126356
1.564731,	-0.212667
4.827257,	-0.000008

0.000000,	0.000000
0.991645,	0.128996
1.567894,	-0.211729
4.814191,	-0.000008

0.000000,	0.000000
0.991298,	0.131635
1.571055,	-0.210791
4.801124,	-0.000008

0.000000,	0.000000
0.990944,	0.134273
1.574212,	-0.209852
4.788057,	-0.000008

0.000000,	0.000000
0.990583,	0.136910
1.577367,	-0.208912
4.774990,	-0.000008

0.000000,	0.000000
0.990216,	0.139546
1.580519,	-0.207972
4.761923,	-0.000008

0.000000,	0.000000
0.989841,	0.142182
1.583667,	-0.207032
4.748855,	-0.000008

0.000000,	0.000000
0.989459,	0.144816
1.586813,	-0.206091
4.735788,	-0.000008

0.000000,	0.000000
0.989070,	0.147449
1.589956,	-0.205150
4.722719,	-0.000008

0.000000,	0.000000
0.988674,	0.150081
1.593097,	-0.204208
4.709651,	-0.000008

0.000000,	0.000000
0.988271,	0.152712
1.596234,	-0.203266
4.696582,	-0.000008

0.000000,	0.000000
0.987861,	0.155342
1.599368,	-0.202323
4.683513,	-0.000008

0.000000,	0.000000
0.987444,	0.157971
1.602500,	-0.201380
4.670443,	-0.000008

0.000000,	0.000000
0.987020,	0.160599
1.605629,	-0.200437
4.657373,	-0.000008

0.000000,	0.000000
0.986589,	0.163225
1.608755,	-0.199493
4.644303,	-0.000008

0.000000,	0.000000
0.986151,	0.165851
1.611878,	-0.198549
4.631232,	-0.000008

0.000000,	0.000000
0.985706,	0.168475
1.614999,	-0.197604
4.618161,	-0.000008

0.000000,	0.000000
0.985254,	0.171098
1.618117,	-0.196659
4.605090,	-0.000008

0.000000,	0.000000
0.984795,	0.173720
1.621231,	-0.195713
4.592019,	-0.000008

0.000000,	0.000000
0.984329,	0.176340
1.624344,	-0.194768
4.578947,	-0.000008

0.000000,	0.000000
0.983856,	0.178960
1.627453,	-0.193821
4.565875,	-0.000008

0.000000,	0.000000
0.983377,	0.181578
1.630560,	-0.192875
4.552802,	-0.000009

0.000000,	0.000000
0.982890,	0.184195
1.633664,	-0.191928
4.539729,	-0.000009

0.000000,	0.000000
0.982396,	0.186810
1.636765,	-0.190980
4.526656,	-0.000009

0.000000,	0.000000
0.981895,	0.189424
1.639864,	-0.190032
4.513582,	-0.000009

0.000000,	0.000000
0.981388,	0.192037
1.642960,	-0.189084
4.500508,	-0.000009

0.000000,	0.000000
0.980873,	0.194649
1.646053,	-0.188136
4.487434,	-0.000009

0.000000,	0.000000
0.980351,	0.197259
1.649144,	-0.187187
4.474359,	-0.000009

0.000000,	0.000000
0.979823,	0.199867
1.652232,	-0.186237
4.461284,	-0.000009

0.000000,	0.000000
0.979288,	0.202475
1.655317,	-0.185288
4.448209,	-0.000009

0.000000,	0.000000
0.978745,	0.205080
1.658400,	-0.184338
4.435133,	-0.000009

0.000000,	0.000000
0.978196,	0.207685
1.661480,	-0.183388
4.422057,	-0.000009

0.000000,	0.000000
0.977640,	0.210288
1.664557,	-0.182437
4.408980,	-0.000009

0.000000,	0.000000
0.977076,	0.212889
1.667632,	-0.181486
4.395904,	-0.000009

0.000000,	0.000000
0.976506,	0.215489
1.670704,	-0.180535
4.382826,	-0.000009

0.000000,	0.000000
0.975929,	0.218088
1.673774,	-0.179583
4.369749,	-0.000009

0.000000,	0.000000
0.975345,	0.220684
1.676841,	-0.178631
4.356671,	-0.000009

0.000000,	0.000000
0.974754,	0.223280
1.679905,	-0.177679
4.343592,	-0.000009

0.000000,	0.000000
0.974157,	0.225873
1.682967,	-0.176726
4.330514,	-0.000009

0.000000,	0.000000
0.973552,	0.228465
1.686026,	-0.175773
4.317435,	-0.000009

0.000000,	0.000000
0.972940,	0.231056
1.689083,	-0.174820
4.304355,	-0.000009

0.000000,	0.000000
0.972322,	0.233645
1.692138,	-0.173866
4.291275,	-0.000009

0.000000,	0.000000
0.971697,	0.236232
1.695189,	-0.172912
4.278195,	-0.000009

0.000000,	0.000000
0.971064,	0.238818
1.698239,	-0.171958
4.265114,	-0.000009

0.000000,	0.000000
0.970425,	0.241401
1.701285,	-0.171003
4.252033,	-0.000009

0.000000,	0.000000
0.969779,	0.243984
1.704330,	-0.170049
4.238952,	-0.000009

0.000000,	0.000000
0.969127,	0.246564
1.707371,	-0.169093
4.225870,	-0.000009

0.000000,	0.000000
0.968467,	0.249143
1.710411,	-0.168138
4.212788,	-0.000009

0.000000,	0.000000
0.967800,	0.251719
1.713448,	-0.167182
4.199705,	-0.000009

0.000000,	0.000000
0.967127,	0.254295
1.716482,	-0.166226
4.186622,	-0.000009

0.000000,	0.000000
0.966447,	0.256868
1.719514,	-0.165270
4.173538,	-0.000009

0.000000,	0.000000
0.965759,	0.259439
1.722543,	-0.164314
4.160455,	-0.000009

0.000000,	0.000000
0.965065,	0.262009
1.725570,	-0.163357
4.147370,	-0.000009

0.000000,	0.000000
0.964365,	0.264577
1.728595,	-0.162400
4.134286,	-0.000009

0.000000,	0.000000
0.963657,	0.267143
1.731617,	-0.161442
4.121200,	-0.000009

0.000000,	0.000000
0.962943,	0.269707
1.734637,	-0.160485
4.108115,	-0.000009

0.000000,	0.000000
0.962221,	0.272269
1.737655,	-0.159527
4.095029,	-0.000009

0.000000,	0.000000
0.961493,	0.274829
1.740670,	-0.158568
4.081943,	-0.000009

0.000000,	0.000000
0.960758,	0.277387
1.743682,	-0.157610
4.068856,	-0.000009

0.000000,	0.000000
0.960016,	0.279943
1.746693,	-0.156651
4.055768,	-0.000009

0.000000,	0.000000
0.959268,	0.282498
1.749700,	-0.155692
4.042681,	-0.000009

0.000000,	0.000000
0.958513,	0.285050
1.752706,	-0.154733
4.029593,	-0.000009

0.000000,	0.000000
0.957751,	0.287600
1.755709,	-0.153774
4.016504,	-0.000009

0.000000,	0.000000
0.956982,	0.290148
1.758710,	-0.152814
4.003415,	-0.000009

0.000000,	0.000000
0.956206,	0.292695
1.761709,	-0.151854
3.990326,	-0.000009

0.000000,	0.000000
0.955424,	0.295239
1.764705,	-0.150894
3.977236,	-0.000009

0.000000,	0.000000
0.954634,	0.297781
1.767699,	-0.149933
3.964145,	-0.000009

0.000000,	0.000000
0.953838,	0.300321
1.770690,	-0.148973
3.951054,	-0.000009

0.000000,	0.000000
0.953036,	0.302858
1.770595,	-0.147752
3.937963,	-0.000009

0.000000,	0.000000
0.952226,	0.305394
1.770497,	-0.146532
3.924871,	-0.000009

0.000000,	0.000000
0.951410,	0.307927
1.770397,	-0.145311
3.911779,	-0.000009

0.000000,	0.000000
0.950587,	0.310459
1.770294,	-0.144090
3.898686,	-0.000009

0.000000,	0.000000
0.949757,	0.312988
1.770189,	-0.142868
3.885593,	-0.000009

0.000000,	0.000000
0.948921,	0.315515
1.770082,	-0.141647
3.872500,	-0.000009

0.000000,	0.000000
0.948078,	0.318039
1.769973,	-0.140425
3.859406,	-0.000009

0.000000,	0.000000
0.947228,	0.320562
1.769861,	-0.139203
3.846311,	-0.000009

0.000000,	0.000000
0.946371,	0.323082
1.769747,	-0.137981
3.833216,	-0.000009

0.000000,	0.000000
0.945508,	0.325600
1.769631,	-0.136758
3.820120,	-0.000009

0.000000,	0.000000
0.944638,	0.328115
1.769512,	-0.135535
3.807024,	-0.000009

0.000000,	0.000000
0.943761,	0.330628
1.769392,	-0.134312
3.793928,	-0.000009

0.000000,	0.000000
0.942878,	0.333139
1.769268,	-0.133089
3.780831,	-0.000009

0.000000,	0.000000
0.941988,	0.335648
1.769143,	-0.131866
3.767733,	-0.000009

0.000000,	0.000000
0.941091,	0.338154
1.769015,	-0.130642
3.754635,	-0.000009

0.000000,	0.000000
0.940188,	0.340657
1.768885,	-0.129419
3.741537,	-0.000009

0.000000,	0.000000
0.939277,	0.343159
1.768753,	-0.128195
3.728438,	-0.000009

0.000000,	0.000000
0.938361,	0.345658
1.768618,	-0.126970
3.715338,	-0.000009

0.000000,	0.000000
0.937437,	0.348154
1.768481,	-0.125746
3.702238,	-0.000009

0.000000,	0.000000
0.936507,	0.350648
1.768341,	-0.124521
3.689137,	-0.000009

0.000000,	0.000000
0.935571,	0.353139
1.768200,	-0.123297
3.676036,	-0.000009

0.000000,	0.000000
0.934627,	0.355628
1.768056,	-0.122072
3.662934,	-0.000009

0.000000,	0.000000
0.933678,	0.358115
1.767910,	-0.120846
3.649832,	-0.000009

0.000000,	0.000000
0.932721,	0.360599
1.767761,	-0.119621
3.636729,	-0.000009

0.000000,	0.000000
0.931758,	0.363080
1.767610,	-0.118395
3.623626,	-0.000009

0.000000,	0.000000
0.930788,	0.365559
1.767457,	-0.117170
3.610522,	-0.000009

0.000000,	0.000000
0.929812,	0.368035
1.767301,	-0.115944
3.597418,	-0.000009

0.000000,	0.000000
0.928829,	0.370508
1.767144,	-0.114718
3.584313,	-0.000009

0.000000,	0.000000
0.927840,	0.372979
1.766983,	-0.113491
3.571207,	-0.000009

0.000000,	0.000000
0.926844,	0.375448
1.766821,	-0.112265
3.558101,	-0.000009

0.000000,	0.000000
0.925841,	0.377913
1.766656,	-0.111038
3.544995,	-0.000008

0.000000,	0.000000
0.924832,	0.380376
1.766489,	-0.109811
3.531888,	-0.000008

0.000000,	0.000000
0.923816,	0.382837
1.766320,	-0.108584
3.518780,	-0.000008

0.000000,	0.000000
0.922794,	0.385294
1.766148,	-0.107356
3.505671,	-0.000008

0.000000,	0.000000
0.921765,	0.387749
1.765974,	-0.106129
3.492563,	-0.000008

0.000000,	0.000000
0.920730,	0.390201
1.765798,	-0.104901
3.479453,	-0.000008

0.000000,	0.000000
0.919688,	0.392650
1.765619,	-0.103673
3.466343,	-0.000008

0.000000,	0.000000
0.918639,	0.395097
1.765438,	-0.102445
3.453232,	-0.000008

0.000000,	0.000000
0.917585,	0.397541
1.765255,	-0.101217
3.440121,	-0.000008

0.000000,	0.000000
0.916523,	0.399982
1.765069,	-0.099989
3.427009,	-0.000008

0.000000,	0.000000
0.915455,	0.402420
1.764881,	-0.098760
3.413896,	-0.000008

0.000000,	0.000000
0.914381,	0.404855
1.764691,	-0.097532
3.400783,	-0.000008

0.000000,	0.000000
0.913300,	0.407287
1.764499,	-0.096303
3.387669,	-0.000008

0.000000,	0.000000
0.912213,	0.409717
1.764304,	-0.095074
3.374555,	-0.000008

0.000000,	0.000000
0.911119,	0.412143
1.764107,	-0.093844
3.361440,	-0.000008

0.000000,	0.000000
0.910019,	0.414567
1.763907,	-0.092615
3.348324,	-0.000008

0.000000,	0.000000
0.908912,	0.416988
1.763705,	-0.091386
3.335208,	-0.000008

0.000000,	0.000000
0.907799,	0.419406
1.763501,	-0.090156
3.322091,	-0.000007

0.000000,	0.000000
0.906679,	0.421820
1.763295,	-0.088926
3.308974,	-0.000007

0.000000,	0.000000
0.905553,	0.424232
1.763086,	-0.087696
3.295855,	-0.000007

0.000000,	0.000000
0.904421,	0.426641
1.762875,	-0.086466
3.282736,	-0.000007

0.000000,	0.000000
0.903282,	0.429047
1.762661,	-0.085235
3.269617,	-0.000007

0.000000,	0.000000
0.902137,	0.431449
1.762445,	-0.084005
3.256497,	-0.000007

0.000000,	0.000000
0.900986,	0.433849
1.762227,	-0.082774
3.243376,	-0.000007

0.000000,	0.000000
0.899828,	0.436246
1.762007,	-0.081544
3.230254,	-0.000007

0.000000,	0.000000
0.898663,	0.438639
1.761784,	-0.080313
3.217132,	-0.000007

0.000000,	0.000000
0.897492,	0.441030
1.761559,	-0.079082
3.204009,	-0.000007

0.000000,	0.000000
0.896315,	0.443417
1.761332,	-0.077850
3.190885,	-0.000007

0.000000,	0.000000
0.895132,	0.445801
1.761102,	-0.076619
3.177761,	-0.000006

0.000000,	0.000000
0.893942,	0.448182
1.760870,	-0.075387
3.164636,	-0.000006

0.000000,	0.000000
0.892746,	0.450560
1.760636,	-0.074156
3.151510,	-0.000006

0.000000,	0.000000
0.891544,	0.452935
1.760399,	-0.072924
3.138383,	-0.000006

0.000000,	0.000000
0.890335,	0.455306
1.760160,	-0.071692
3.125256,	-0.000006

0.000000,	0.000000
0.889120,	0.457674
1.759919,	-0.070460
3.112128,	-0.000006

0.000000,	0.000000
0.887899,	0.460039
1.759675,	-0.069228
3.098999,	-0.000006

0.000000,	0.000000
0.886671,	0.462401
1.759429,	-0.067996
3.085870,	-0.000006

0.000000,	0.000000
0.885437,	0.464759
1.759181,	-0.066763
3.072740,	-0.000005

0.000000,	0.000000
0.884197,	0.467114
1.758930,	-0.065530
3.059609,	-0.000005

0.000000,	0.000000
0.882950,	0.469466
1.758677,	-0.064298
3.046477,	-0.000005

0.000000,	0.000000
0.881698,	0.471815
1.758421,	-0.063065
3.033344,	-0.000005

0.000000,	0.000000
0.880439,	0.474160
1.758164,	-0.061832
3.020211,	-0.000005

0.000000,	0.000000
0.879174,	0.476502
1.757904,	-0.060599
3.007077,	-0.000005

0.000000,	0.000000
0.877902,	0.478840
1.757641,	-0.059366
2.993942,	-0.000005

0.000000,	0.000000
0.876625,	0.481175
1.757377,	-0.058132
2.980806,	-0.000004

0.000000,	0.000000
0.875341,	0.483507
1.757110,	-0.056899
2.967670,	-0.000004

0.000000,	0.000000
0.874051,	0.485835
1.756840,	-0.055665
2.954533,	-0.000004

0.000000,	0.000000
0.872754,	0.488160
1.756569,	-0.054432
2.941394,	-0.000004

0.000000,	0.000000
0.871452,	0.490481
1.756295,	-0.053198
2.928255,	-0.000004

0.000000,	0.000000
0.870143,	0.492799
1.756018,	-0.051964
2.915116,	-0.000004

0.000000,	0.000000
0.868829,	0.495113
1.755740,	-0.050730
2.901975,	-0.000003

0.000000,	0.000000
0.867508,	0.497424
1.755458,	-0.049496
2.888833,	-0.000003

0.000000,	0.000000
0.866181,	0.499731
1.755175,	-0.048262
2.875691,	-0.000003

0.000000,	0.000000
0.864847,	0.502035
1.754889,	-0.047027
2.862548,	-0.000003

0.000000,	0.000000
0.863508,	0.504335
1.754601,	-0.045793
2.849404,	-0.000003

0.000000,	0.000000
0.862163,	0.506632
1.754311,	-0.044558
2.836259,	-0.000002

0.000000,	0.000000
0.860811,	0.508925
1.754018,	-0.043324
2.823113,	-0.000002

0.000000,	0.000000
0.859453,	0.511214
1.753723,	-0.042089
2.809966,	-0.000002

0.000000,	0.000000
0.858090,	0.513500
1.753425,	-0.040854
2.796818,	-0.000002

0.000000,	0.000000
0.856720,	0.515782
1.753126,	-0.039619
2.783670,	-0.000001

0.000000,	0.000000
0.855344,	0.518060
1.752823,	-0.038384
2.770520,	-0.000001

0.000000,	0.000000
0.853962,	0.520335
1.752519,	-0.037149
2.757370,	-0.000001

0.000000,	0.000000
0.852574,	0.522606
1.752212,	-0.035914
2.744218,	-0.000001

0.000000,	0.000000
0.851180,	0.524874
1.751903,	-0.034679
2.731066,	-0.000000

0.000000,	0.000000
0.849780,	0.527138
1.751591,	-0.033444
2.717913,	-0.000000

0.000000,	0.000000
0.848374,	0.529398
1.751277,	-0.032208
2.704758,	0.000000

0.000000,	0.000000
0.846962,	0.531654
1.750961,	-0.030973
2.691603,	0.000000

0.000000,	0.000000
0.845544,	0.533906
1.750643,	-0.029737
2.678447,	0.000001

0.000000,	0.000000
0.844120,	0.536155
1.750322,	-0.028501
2.665290,	0.000001

0.000000,	0.000000
0.842690,	0.538400
1.749998,	-0.027266
2.652131,	0.000001

0.000000,	0.000000
0.841253,	0.540641
1.749673,	-0.026030
2.638972,	0.000002

0.000000,	0.000000
0.839811,	0.542878
1.749345,	-0.024794
2.625812,	0.000002

0.000000,	0.000000
0.838364,	0.545112
1.749014,	-0.023558
2.612650,	0.000002

0.000000,	0.000000
0.836910,	0.547341
1.748682,	-0.022322
2.599488,	0.000002

0.000000,	0.000000
0.835450,	0.549567
1.748347,	-0.021086
2.586324,	0.000003

0.000000,	0.000000
0.833984,	0.551789
1.748009,	-0.019849
2.573160,	0.000003

0.000000,	0.000000
0.832512,	0.554006
1.747669,	-0.018613
2.559994,	0.000003

0.000000,	0.000000
0.831035,	0.556220
1.747327,	-0.017377
2.546827,	0.000004

0.000000,	0.000000
0.829551,	0.558430
1.746983,	-0.016141
2.533660,	0.000004

0.000000,	0.000000
0.828062,	0.560636
1.746636,	-0.014904
2.520491,	0.000005

0.000000,	0.000000
0.826567,	0.562838
1.746287,	-0.013668
2.507321,	0.000005

0.000000,	0.000000
0.825066,	0.565037
1.745935,	-0.012431
2.494149,	0.000005

0.000000,	0.000000
0.823559,	0.567231
1.745581,	-0.011194
2.480977,	0.000006

0.000000,	0.000000
0.822046,	0.569421
1.745225,	-0.009958
2.467803,	0.000006

0.000000,	0.000000
0.820528,	0.571607
1.744866,	-0.008721
2.454629,	0.000007

0.000000,	0.000000
0.819003,	0.573789
1.744505,	-0.007484
2.441453,	0.000007

0.000000,	0.000000
0.817473,	0.575967
1.744141,	-0.006247
2.428276,	0.000007

0.000000,	0.000000
0.815937,	0.578140
1.743776,	-0.005011
2.415097,	0.000008

0.000000,	0.000000
0.814396,	0.580310
1.743408,	-0.003774
2.401918,	0.000008

0.000000,	0.000000
0.812848,	0.582476
1.743037,	-0.002537
2.388737,	0.000009

0.000000,	0.000000
0.811295,	0.584637
1.742664,	-0.001300
2.375555,	0.000009

0.000000,	0.000000
0.809736,	0.586795
1.742289,	-0.000063
2.362371,	0.000010

0.000000,	0.000000
0.808171,	0.588948
1.741911,	0.000024
2.349187,	0.000010

0.000000,	0.000000
0.806601,	0.591097
1.741531,	-0.000002
2.336001,	0.000011

0.000000,	0.000000
0.805024,	0.593242
1.741149,	0.000014
2.322813,	0.000011

0.000000,	0.000000
0.803443,	0.595382
1.740764,	0.000009
2.309625,	0.000012

0.000000,	0.000000
0.801855,	0.597519
1.740377,	0.000005
2.296435,	0.000012

0.000000,	0.000000
0.800262,	0.599651
1.739987,	0.000019
2.283244,	0.000013

0.000000,	0.000000
0.798663,	0.601779
1.739596,	-0.000004
2.270051,	0.000013

0.000000,	0.000000
0.797058,	0.603902
1.739201,	0.000028
2.256857,	0.000014

0.000000,	0.000000
0.795448,	0.606022
1.738805,	-0.000006
2.243661,	0.000015

0.000000,	0.000000
0.793832,	0.608137
1.738406,	0.000027
2.230465,	0.000015

0.000000,	0.000000
0.792211,	0.610248
1.738004,	0.000002
2.217266,	0.000016

0.000000,	0.000000
0.790584,	0.612354
1.737600,	0.000033
2.204066,	0.000016

0.000000,	0.000000
0.788951,	0.614456
1.737194,	0.000032
2.190865,	0.000017

0.000000,	0.000000
0.787313,	0.616554
1.736786,	0.000032
2.177662,	0.000018

0.000000,	0.000000
0.785669,	0.618647
1.736375,	0.000031
2.164458,	0.000018

0.000000,	0.000000
0.784019,	0.620736
1.735962,	0.000030
2.151252,	0.000019

0.000000,	0.000000
0.782364,	0.622821
1.735546,	0.000030
2.138045,	0.000020

0.000000,	0.000000
0.780704,	0.624901
1.735128,	0.000029
2.124836,	0.000021

0.000000,	0.000000
0.779038,	0.626977
1.734707,	0.000028
2.111625,	0.000021

0.000000,	0.000000
0.777366,	0.629048
1.734285,	0.000028
2.098413,	0.000022

0.000000,	0.000000
0.775689,	0.631115
1.733859,	0.000027
2.085199,	0.000023

0.000000,	0.000000
0.774006,	0.633178
1.733432,	0.000027
2.071984,	0.000024

0.000000,	0.000000
0.772318,	0.635236
1.733002,	0.000027
2.058767,	0.000025

0.000000,	0.000000
0.770625,	0.637289
1.732569,	0.000026
2.045548,	0.000025

0.000000,	0.000000
0.768926,	0.639338
1.732135,	0.000026
2.032328,	0.000026

0.000000,	0.000000
0.767221,	0.641382
1.731697,	0.000025
2.019105,	0.000027

0.000000,	0.000000
0.765512,	0.643422
1.731258,	0.000025
2.005881,	0.000028

0.000000,	0.000000
0.763796,	0.645457
1.730816,	0.000025
1.992656,	0.000029

0.000000,	0.000000
0.762075,	0.647488
1.730372,	0.000025
1.979428,	0.000030

0.000000,	0.000000
0.760349,	0.649514
1.729925,	0.000025
1.966199,	0.000031

0.000000,	0.000000
0.758618,	0.651536
1.729476,	0.000024
1.952967,	0.000032

0.000000,	0.000000
0.756881,	0.653553
1.729024,	0.000024
1.939734,	0.000033

0.000000,	0.000000
0.755139,	0.655565
1.728570,	0.000024
1.926499,	0.000034

0.000000,	0.000000
0.753391,	0.657573
1.728114,	0.000024
1.913262,	0.000035

0.000000,	0.000000
0.751638,	0.659576
1.727655,	0.000024
1.900023,	0.000036

0.000000,	0.000000
0.749880,	0.661574
1.727194,	0.000024
1.886782,	0.000037

0.000000,	0.000000
0.748116,	0.663568
1.726731,	0.000024
1.873539,	0.000038

0.000000,	0.000000
0.746348,	0.665556
1.726265,	0.000024
1.860294,	0.000039

0.000000,	0.000000
0.744573,	0.667541
1.725796,	0.000025
1.847047,	0.000040

0.000000,	0.000000
0.742794,	0.669520
1.725325,	0.000025
1.833798,	0.000042

0.000000,	0.000000
0.741009,	0.671495
1.724852,	0.000025
1.820547,	0.000043

0.000000,	0.000000
0.739219,	0.673465
1.724377,	0.000025
1.807293,	0.000044

0.000000,	0.000000
0.737424,	0.675430
1.723899,	0.000026
1.794038,	0.000045

0.000000,	0.000000
0.735624,	0.677390
1.723418,	0.000026
1.780780,	0.000047

0.000000,	0.000000
0.733818,	0.679346
1.722936,	0.000026
1.767520,	0.000048

0.000000,	0.000000
0.732007,	0.681297
1.722450,	0.000027
1.754257,	0.000049

0.000000,	0.000000
0.730191,	0.683243
1.721963,	0.000027
1.740993,	0.000051

0.000000,	0.000000
0.728370,	0.685184
1.721473,	0.000027
1.727726,	0.000052

