0.000000,	0.000000
0.362358,	-0.932039
0.013571,	0.009546
10.000000,	0.000000

0.000000,	0.000000
0.364837,	-0.931071
0.036244,	0.008832
9.986993,	-0.000000

0.000000,	0.000000
0.367314,	-0.930097
0.053269,	0.006389
9.973985,	-0.000000

0.000000,	0.000000
0.369789,	-0.929116
0.067759,	0.003608
9.960978,	-0.000000

0.000000,	0.000000
0.372260,	-0.928128
0.080692,	0.000736
9.947970,	-0.000000

0.000000,	0.000000
0.374729,	-0.927134
0.092533,	-0.002150
9.934963,	-0.000000

0.000000,	0.000000
0.377196,	-0.926134
0.103548,	-0.005017
9.921955,	-0.000000

0.000000,	0.000000
0.379660,	-0.925126
0.113906,	-0.007854
9.908947,	-0.000000

0.000000,	0.000000
0.382121,	-0.924112
0.123726,	-0.010655
9.895939,	-0.000000

0.000000,	0.000000
0.384579,	-0.923092
0.133090,	-0.013416
9.882932,	-0.000000

0.000000,	0.000000
0.387035,	-0.922065
0.142064,	-0.016138
9.869924,	-0.000000

0.000000,	0.000000
0.389487,	-0.921032
0.150695,	-0.018822
9.856916,	-0.000000

0.000000,	0.000000
0.391938,	-0.919992
0.159025,	-0.021468
9.843907,	-0.000000

0.000000,	0.000000
0.394385,	-0.918945
0.167084,	-0.024078
9.830899,	-0.000000

0.000000,	0.000000
0.396829,	-0.917892
0.174898,	-0.026653
9.817891,	-0.000000

0.000000,	0.000000
0.399271,	-0.916833
0.182491,	-0.029194
9.804883,	-0.000000

0.000000,	0.000000
0.401710,	-0.915767
0.189881,	-0.031702
9.791874,	-0.000000

0.000000,	0.000000
0.404146,	-0.914694
0.197085,	-0.034180
9.778866,	-0.000000

0.000000,	0.000000
0.406579,	-0.913615
0.204115,	-0.036628
9.765857,	-0.000000

0.000000,	0.000000
0.409010,	-0.912530
0.210985,	-0.039047
9.752849,	-0.000000

0.000000,	0.000000
0.411437,	-0.911438
0.217705,	-0.041438
9.739840,	-0.000000

0.000000,	0.000000
0.413862,	-0.910340
0.224284,	-0.043803
9.726831,	-0.000000

0.000000,	0.000000
0.416283,	-0.909235
0.230731,	-0.046142
9.713822,	-0.000000

0.000000,	0.000000
0.418702,	-0.908124
0.237055,	-0.048457
9.700813,	-0.000000

0.000000,	0.000000
0.421118,	-0.907006
0.243261,	-0.050747
9.687804,	-0.000000

0.000000,	0.000000
0.423530,	-0.905882
0.249355,	-0.053015
9.674795,	-0.000000

0.000000,	0.000000
0.425940,	-0.904751
0.255344,	-0.055260
9.661786,	-0.000000

0.000000,	0.000000
0.428347,	-0.903615
0.261233,	-0.057484
9.648777,	-0.000000

0.000000,	0.000000
0.430750,	-0.902471
0.267026,	-0.059686
9.635767,	-0.000000

0.000000,	0.000000
0.433151,	-0.901321
0.272727,	-0.061868
9.622758,	-0.000000

0.000000,	0.000000
0.435548,	-0.900165
0.278341,	-0.064031
9.609749,	-0.000000

0.000000,	0.000000
0.437943,	-0.899003
0.283871,	-0.066174
9.596739,	-0.000000

0.000000,	0.000000
0.440334,	-0.897834
0.289320,	-0.068299
9.583729,	-0.000000

0.000000,	0.000000
0.442722,	-0.896659
0.294693,	-0.070405
9.570720,	-0.000000

0.000000,	0.000000
0.445107,	-0.895477
0.299991,	-0.072494
9.557710,	-0.000000

0.000000,	0.000000
0.447489,	-0.894289
0.305217,	-0.074566
9.544700,	-0.000000

0.000000,	0.000000
0.449868,	-0.893095
0.310375,	-0.076621
9.531690,	-0.000000

0.000000,	0.000000
0.452244,	-0.891894
0.315466,	-0.078660
9.518680,	-0.000000

0.000000,	0.000000
0.454616,	-0.890688
0.320492,	-0.080683
9.505670,	-0.000000

0.000000,	0.000000
0.456985,	-0.889474
0.325456,	-0.082690
9.492660,	-0.000000

0.000000,	0.000000
0.459351,	-0.888255
0.330360,	-0.084682
9.479650,	-0.000000

0.000000,	0.000000
0.461714,	-0.887029
0.335206,	-0.086659
9.466639,	-0.000000

0.000000,	0.000000
0.464073,	-0.885797
0.339995,	-0.088622
9.453629,	-0.000000

0.000000,	0.000000
0.466429,	-0.884559
0.344729,	-0.090570
9.440619,	-0.000000

0.000000,	0.000000
0.468782,	-0.883314
0.349409,	-0.092505
9.427608,	-0.000000

0.000000,	0.000000
0.471131,	-0.882063
0.354038,	-0.094426
9.414597,	-0.000000

0.000000,	0.000000
0.473477,	-0.880806
0.358616,	-0.096333
9.401587,	-0.000000

0.000000,	0.000000
0.475820,	-0.879543
0.363145,	-0.098228
9.388576,	-0.000000

0.000000,	0.000000
0.478160,	-0.878273
0.367626,	-0.100110
9.375565,	-0.000000

0.000000,	0.000000
0.480496,	-0.876997
0.372061,	-0.101979
9.362554,	-0.000000

0.000000,	0.000000
0.482828,	-0.875715
0.376450,	-0.103836
9.349543,	-0.000000

0.000000,	0.000000
0.485157,	-0.874427
0.380795,	-0.105680
9.336532,	-0.000000

0.000000,	0.000000
0.487483,	-0.873132
0.385096,	-0.107513
9.323521,	-0.000000

0.000000,	0.000000
0.489805,	-0.871832
0.389356,	-0.109334
9.310509,	-0.000000

0.000000,	0.000000
0.492124,	-0.870525
0.393574,	-0.111144
9.297498,	-0.000000

0.000000,	0.000000
0.494439,	-0.869212
0.397751,	-0.112943
9.284486,	-0.000000

0.000000,	0.000000
0.496751,	-0.867893
0.401890,	-0.114730
9.271475,	-0.000000

0.000000,	0.000000
0.499060,	-0.866568
0.405989,	-0.116507
9.258463,	-0.000000

0.000000,	0.000000
0.501364,	-0.865236
0.410051,	-0.118273
9.245452,	-0.000000

0.000000,	0.000000
0.503666,	-0.863899
0.414076,	-0.120028
9.232440,	-0.000000

0.000000,	0.000000
0.505963,	-0.862555
0.418065,	-0.121773
9.219428,	-0.000000

0.000000,	0.000000
0.508257,	-0.861205
0.422018,	-0.123508
9.206416,	-0.000000

0.000000,	0.000000
0.510548,	-0.859849
0.425936,	-0.125233
9.193404,	-0.000000

0.000000,	0.000000
0.512835,	-0.858487
0.429820,	-0.126948
9.180392,	-0.000000

0.000000,	0.000000
0.515118,	-0.857119
0.433671,	-0.128653
9.167380,	-0.000000

0.000000,	0.000000
0.517397,	-0.855745
0.437489,	-0.130349
9.154367,	-0.000000

0.000000,	0.000000
0.519673,	-0.854365
0.441274,	-0.132035
9.141355,	-0.000000

0.000000,	0.000000
0.521946,	-0.852979
0.445028,	-0.133711
9.128343,	-0.000000

0.000000,	0.000000
0.524214,	-0.851587
0.448751,	-0.135379
9.115330,	-0.000000

0.000000,	0.000000
0.526479,	-0.850188
0.452444,	-0.137038
9.102317,	-0.000000

0.000000,	0.000000
0.528740,	-0.848784
0.456106,	-0.138687
9.089305,	-0.000000

0.000000,	0.000000
0.530997,	-0.847374
0.459739,	-0.140328
9.076292,	-0.000000

0.000000,	0.000000
0.533251,	-0.845957
0.463342,	-0.141960
9.063279,	-0.000000

0.000000,	0.000000
0.535501,	-0.844535
0.466918,	-0.143584
9.050266,	-0.000000

0.000000,	0.000000
0.537747,	-0.843106
0.470465,	-0.145199
9.037253,	-0.000000

0.000000,	0.000000
0.539989,	-0.841672
0.473984,	-0.146806
9.024240,	-0.000000

0.000000,	0.000000
0.542227,	-0.840232
0.477476,	-0.148404
9.011227,	-0.000000

0.000000,	0.000000
0.544462,	-0.838786
0.480942,	-0.149995
8.998213,	-0.000000

0.000000,	0.000000
0.546692,	-0.837334
0.484381,	-0.151577
8.985200,	-0.000000

0.000000,	0.000000
0.548919,	-0.835875
0.487794,	-0.153151
8.972186,	-0.000000

0.000000,	0.000000
0.551142,	-0.834411
0.491182,	-0.154718
8.959173,	-0.000000

0.000000,	0.000000
0.553361,	-0.832941
0.494544,	-0.156276
8.946159,	-0.000000

0.000000,	0.000000
0.555576,	-0.831466
0.497882,	-0.157827
8.933145,	-0.000000

0.000000,	0.000000
0.557787,	-0.829984
0.501195,	-0.159371
8.920131,	-0.000000

0.000000,	0.000000
0.559994,	-0.828496
0.504484,	-0.160907
8.907117,	-0.000000

0.000000,	0.000000
0.562198,	-0.827003
0.507749,	-0.162435
8.894103,	-0.000000

0.000000,	0.000000
0.564397,	-0.825504
0.510990,	-0.163957
8.881089,	-0.000000

0.000000,	0.000000
0.566592,	-0.823998
0.514209,	-0.165471
8.868075,	-0.000000

0.000000,	0.000000
0.568783,	-0.822487
0.517404,	-0.166977
8.855061,	-0.000000

0.000000,	0.000000
0.570971,	-0.820971
0.520577,	-0.168477
8.842046,	-0.000000

0.000000,	0.000000
0.573154,	-0.819448
0.523728,	-0.169970
8.829032,	-0.000000

0.000000,	0.000000
0.575333,	-0.817919
0.526856,	-0.171456
8.816017,	-0.000000

0.000000,	0.000000
0.577508,	-0.816385
0.529963,	-0.172935
8.803003,	-0.000000

0.000000,	0.000000
0.579679,	-0.814845
0.533049,	-0.174407
8.789988,	-0.000000

0.000000,	0.000000
0.581846,	-0.813299
0.536113,	-0.175872
8.776973,	-0.000000

0.000000,	0.000000
0.584008,	-0.811748
0.539157,	-0.177331
8.763958,	-0.000000

0.000000,	0.000000
0.586167,	-0.810190
0.542179,	-0.178783
8.750943,	-0.000000

0.000000,	0.000000
0.588321,	-0.808627
0.545182,	-0.180229
8.737928,	-0.000000

0.000000,	0.000000
0.590471,	-0.807058
0.548164,	-0.181668
8.724913,	-0.000000

0.000000,	0.000000
0.592618,	-0.805484
0.551126,	-0.183101
8.711897,	-0.000000

0.000000,	0.000000
0.594759,	-0.803904
0.554068,	-0.184527
8.698882,	-0.000001

0.000000,	0.000000
0.596897,	-0.802318
0.556991,	-0.185947
8.685866,	-0.000001

0.000000,	0.000000
0.599030,	-0.800726
0.559895,	-0.187361
8.672851,	-0.000001

0.000000,	0.000000
0.601160,	-0.799129
0.562780,	-0.188769
8.659835,	-0.000001

0.000000,	0.000000
0.603285,	-0.797526
0.565645,	-0.190170
8.646819,	-0.000001

0.000000,	0.000000
0.605405,	-0.795917
0.568493,	-0.191566
8.633804,	-0.000001

0.000000,	0.000000
0.607522,	-0.794303
0.571321,	-0.192956
8.620788,	-0.000001

0.000000,	0.000000
0.609634,	-0.792683
0.574131,	-0.194339
8.607771,	-0.000001

0.000000,	0.000000
0.611741,	-0.791058
0.576924,	-0.195717
8.594755,	-0.000001

0.000000,	0.000000
0.613845,	-0.789427
0.579698,	-0.197089
8.581739,	-0.000001

0.000000,	0.000000
0.615944,	-0.787790
0.582455,	-0.198455
8.568723,	-0.000001

0.000000,	0.000000
0.618038,	-0.786148
0.585194,	-0.199816
8.555706,	-0.000001

0.000000,	0.000000
0.620129,	-0.784500
0.587916,	-0.201171
8.542690,	-0.000001

0.000000,	0.000000
0.622215,	-0.782847
0.590621,	-0.202520
8.529673,	-0.000001

0.000000,	0.000000
0.624296,	-0.781188
0.593308,	-0.203863
8.516656,	-0.000001

0.000000,	0.000000
0.626373,	-0.779523
0.595979,	-0.205201
8.503639,	-0.000001

0.000000,	0.000000
0.628446,	-0.777853
0.598633,	-0.206534
8.490622,	-0.000001

0.000000,	0.000000
0.630514,	-0.776178
0.601271,	-0.207861
8.477605,	-0.000001

0.000000,	0.000000
0.632578,	-0.774497
0.603892,	-0.209183
8.464588,	-0.000001

0.000000,	0.000000
0.634637,	-0.772810
0.606497,	-0.210499
8.451571,	-0.000001

0.000000,	0.000000
0.636692,	-0.771118
0.609086,	-0.211810
8.438554,	-0.000001

0.000000,	0.000000
0.638742,	-0.769421
0.611659,	-0.213116
8.425536,	-0.000001

0.000000,	0.000000
0.640788,	-0.767718
0.614216,	-0.214417
8.412519,	-0.000001

0.000000,	0.000000
0.642829,	-0.766010
0.616758,	-0.215712
8.399501,	-0.000001

0.000000,	0.000000
0.644865,	-0.764296
0.619284,	-0.217002
8.386483,	-0.000001

0.000000,	0.000000
0.646897,	-0.762577
0.621795,	-0.218288
8.373465,	-0.000001

0.000000,	0.000000
0.648925,	-0.760852
0.624290,	-0.219568
8.360447,	-0.000001

0.000000,	0.000000
0.650948,	-0.759123
0.626771,	-0.220843
8.347429,	-0.000001

0.000000,	0.000000
0.652966,	-0.757387
0.629236,	-0.222113
8.334411,	-0.000001

0.000000,	0.000000
0.654980,	-0.755647
0.631687,	-0.223378
8.321393,	-0.000001

0.000000,	0.000000
0.656989,	-0.753901
0.634123,	-0.224638
8.308375,	-0.000001

0.000000,	0.000000
0.658993,	-0.752149
0.636544,	-0.225894
8.295356,	-0.000001

0.000000,	0.000000
0.660993,	-0.750392
0.638951,	-0.227144
8.282338,	-0.000001

0.000000,	0.000000
0.662988,	-0.748630
0.641344,	-0.228390
8.269319,	-0.000001

0.000000,	0.000000
0.664978,	-0.746863
0.643722,	-0.229631
8.256300,	-0.000001

0.000000,	0.000000
0.666963,	-0.745090
0.646086,	-0.230867
8.243281,	-0.000001

0.000000,	0.000000
0.668944,	-0.743313
0.648436,	-0.232099
8.230262,	-0.000001

0.000000,	0.000000
0.670920,	-0.741529
0.650772,	-0.233326
8.217243,	-0.000001

0.000000,	0.000000
0.672892,	-0.739741
0.653095,	-0.234548
8.204224,	-0.000001

0.000000,	0.000000
0.674858,	-0.737947
0.655403,	-0.235766
8.191205,	-0.000001

0.000000,	0.000000
0.676820,	-0.736148
0.657698,	-0.236979
8.178185,	-0.000001

0.000000,	0.000000
0.678777,	-0.734344
0.659980,	-0.238187
8.165166,	-0.000001

0.000000,	0.000000
0.680729,	-0.732535
0.662248,	-0.239392
8.152146,	-0.000001

0.000000,	0.000000
0.682677,	-0.730721
0.664503,	-0.240591
8.139127,	-0.000001

0.000000,	0.000000
0.684619,	-0.728901
0.666745,	-0.241787
8.126107,	-0.000001

0.000000,	0.000000
0.686557,	-0.727076
0.668973,	-0.242978
8.113087,	-0.000001

0.000000,	0.000000
0.688490,	-0.725246
0.671189,	-0.244164
8.100067,	-0.000001

0.000000,	0.000000
0.690418,	-0.723411
0.673392,	-0.245346
8.087047,	-0.000001

0.000000,	0.000000
0.692341,	-0.721571
0.675582,	-0.246524
8.074026,	-0.000001

0.000000,	0.000000
0.694259,	-0.719725
0.677759,	-0.247698
8.061006,	-0.000001

0.000000,	0.000000
0.696172,	-0.717875
0.679923,	-0.248867
8.047985,	-0.000001

0.000000,	0.000000
0.698080,	-0.716019
0.682075,	-0.250032
8.034965,	-0.000001

0.000000,	0.000000
0.699984,	-0.714159
0.684215,	-0.251193
8.021944,	-0.000001

0.000000,	0.000000
0.701882,	-0.712293
0.686342,	-0.252350
8.008923,	-0.000001

0.000000,	0.000000
0.703776,	-0.710422
0.688457,	-0.253503
7.995902,	-0.000001

0.000000,	0.000000
0.705664,	-0.708547
0.690559,	-0.254652
7.982881,	-0.000001

0.000000,	0.000000
0.707547,	-0.706666
0.692650,	-0.255796
7.969860,	-0.000001

0.000000,	0.000000
0.709426,	-0.704780
0.694728,	-0.256937
7.956839,	-0.000001

0.000000,	0.000000
0.711299,	-0.702889
0.696795,	-0.258073
7.943818,	-0.000001

0.000000,	0.000000
0.713168,	-0.700994
0.698849,	-0.259206
7.930796,	-0.000001

0.000000,	0.000000
0.715031,	-0.699093
0.700892,	-0.260335
7.917774,	-0.000001

0.000000,	0.000000
0.716889,	-0.697187
0.702923,	-0.261459
7.904753,	-0.000001

0.000000,	0.000000
0.718742,	-0.695277
0.704942,	-0.262580
7.891731,	-0.000001

0.000000,	0.000000
0.720590,	-0.693361
0.706950,	-0.263697
7.878709,	-0.000001

0.000000,	0.000000
0.722433,	-0.691441
0.708946,	-0.264810
7.865687,	-0.000001

0.000000,	0.000000
0.724271,	-0.689515
0.710931,	-0.265919
7.852665,	-0.000001

0.000000,	0.000000
0.726104,	-0.687585
0.712904,	-0.267025
7.839642,	-0.000002

0.000000,	0.000000
0.727931,	-0.685650
0.714866,	-0.268127
7.826620,	-0.000002

0.000000,	0.000000
0.729754,	-0.683710
0.716817,	-0.269225
7.813598,	-0.000002

0.000000,	0.000000
0.731571,	-0.681765
0.718756,	-0.270319
7.800575,	-0.000002

0.000000,	0.000000
0.733383,	-0.679815
0.720685,	-0.271410
7.787552,	-0.000002

0.000000,	0.000000
0.735190,	-0.677861
0.722602,	-0.272497
7.774529,	-0.000002

0.000000,	0.000000
0.736992,	-0.675902
0.724509,	-0.273580
7.761506,	-0.000002

0.000000,	0.000000
0.738788,	-0.673938
0.726404,	-0.274660
7.748483,	-0.000002

0.000000,	0.000000
0.740579,	-0.671969
0.728289,	-0.275736
7.735460,	-0.000002

0.000000,	0.000000
0.742365,	-0.669995
0.730163,	-0.276808
7.722437,	-0.000002

0.000000,	0.000000
0.744146,	-0.668017
0.732026,	-0.277878
7.709413,	-0.000002

0.000000,	0.000000
0.745921,	-0.666034
0.733878,	-0.278943
7.696390,	-0.000002

0.000000,	0.000000
0.747692,	-0.664046
0.735720,	-0.280005
7.683366,	-0.000002

0.000000,	0.000000
0.749456,	-0.662054
0.737551,	-0.281064
7.670342,	-0.000002

0.000000,	0.000000
0.751216,	-0.660057
0.739372,	-0.282119
7.657318,	-0.000002

0.000000,	0.000000
0.752970,	-0.658055
0.741182,	-0.283171
7.644294,	-0.000002

0.000000,	0.000000
0.754719,	-0.656048
0.742982,	-0.284220
7.631270,	-0.000002

0.000000,	0.000000
0.756463,	-0.654037
0.744771,	-0.285265
7.618246,	-0.000002

0.000000,	0.000000
0.758201,	-0.652021
0.746551,	-0.286307
7.605221,	-0.000002

0.000000,	0.000000
0.759934,	-0.650001
0.748320,	-0.287345
7.592197,	-0.000002

0.000000,	0.000000
0.761661,	-0.647976
0.750079,	-0.288381
7.579172,	-0.000002

0.000000,	0.000000
0.763383,	-0.645946
0.751827,	-0.289413
7.566147,	-0.000002

0.000000,	0.000000
0.765100,	-0.643912
0.753566,	-0.290442
7.553122,	-0.000002

0.000000,	0.000000
0.766811,	-0.641873
0.755295,	-0.291468
7.540097,	-0.000002

0.000000,	0.000000
0.768516,	-0.639830
0.757013,	-0.292490
7.527072,	-0.000002

0.000000,	0.000000
0.770217,	-0.637782
0.758722,	-0.293510
7.514047,	-0.000002

0.000000,	0.000000
0.771912,	-0.635730
0.760421,	-0.294526
7.501021,	-0.000002

0.000000,	0.000000
0.773601,	-0.633673
0.762110,	-0.295539
7.487996,	-0.000002

0.000000,	0.000000
0.775285,	-0.631612
0.763790,	-0.296550
7.474970,	-0.000002

0.000000,	0.000000
0.776963,	-0.629546
0.765459,	-0.297557
7.461944,	-0.000002

0.000000,	0.000000
0.778636,	-0.627476
0.767119,	-0.298561
7.448918,	-0.000002

0.000000,	0.000000
0.780304,	-0.625401
0.768770,	-0.299562
7.435892,	-0.000002

0.000000,	0.000000
0.781966,	-0.623322
0.770410,	-0.300561
7.422866,	-0.000002

0.000000,	0.000000
0.783622,	-0.621238
0.772042,	-0.301556
7.409840,	-0.000002

0.000000,	0.000000
0.785273,	-0.619150
0.773663,	-0.302549
7.396813,	-0.000002

0.000000,	0.000000
0.786918,	-0.617058
0.775276,	-0.303538
7.383787,	-0.000002

0.000000,	0.000000
0.788557,	-0.614961
0.776879,	-0.304525
7.370760,	-0.000002

0.000000,	0.000000
0.790192,	-0.612860
0.778472,	-0.305510
7.357733,	-0.000002

0.000000,	0.000000
0.791820,	-0.610755
0.780057,	-0.306491
7.344706,	-0.000002

0.000000,	0.000000
0.793443,	-0.608645
0.781632,	-0.307470
7.331679,	-0.000002

0.000000,	0.000000
0.795060,	-0.606531
0.783197,	-0.308446
7.318652,	-0.000002

0.000000,	0.000000
0.796672,	-0.604412
0.784754,	-0.309419
7.305624,	-0.000002

0.000000,	0.000000
0.798278,	-0.602290
0.786302,	-0.310390
7.292597,	-0.000003

0.000000,	0.000000
0.799878,	-0.600163
0.787840,	-0.311358
7.279569,	-0.000003

0.000000,	0.000000
0.801472,	-0.598032
0.789370,	-0.312323
7.266541,	-0.000003

0.000000,	0.000000
0.803061,	-0.595896
0.790890,	-0.313286
7.253514,	-0.000003

0.000000,	0.000000
0.804645,	-0.593757
0.792401,	-0.314247
7.240486,	-0.000003

0.000000,	0.000000
0.806222,	-0.591613
0.793904,	-0.315205
7.227457,	-0.000003

0.000000,	0.000000
0.807794,	-0.589465
0.795397,	-0.316160
7.214429,	-0.000003

0.000000,	0.000000
0.809360,	-0.587313
0.796882,	-0.317114
7.201401,	-0.000003

0.000000,	0.000000
0.810921,	-0.585156
0.798358,	-0.318065
7.188372,	-0.000003

0.000000,	0.000000
0.812475,	-0.582996
0.799825,	-0.319013
7.175343,	-0.000003

0.000000,	0.000000
0.814024,	-0.580831
0.801284,	-0.319960
7.162314,	-0.000003

0.000000,	0.000000
0.815567,	-0.578662
0.802734,	-0.320904
7.149285,	-0.000003

0.000000,	0.000000
0.817104,	-0.576490
0.804175,	-0.321846
7.136256,	-0.000003

0.000000,	0.000000
0.818636,	-0.574313
0.805607,	-0.322785
7.123227,	-0.000003

0.000000,	0.000000
0.820162,	-0.572132
0.807031,	-0.323723
7.110198,	-0.000003

0.000000,	0.000000
0.821682,	-0.569947
0.808446,	-0.324659
7.097168,	-0.000003

0.000000,	0.000000
0.823196,	-0.567758
0.809853,	-0.325592
7.084138,	-0.000003

0.000000,	0.000000
0.824704,	-0.565564
0.811252,	-0.326524
7.071108,	-0.000003

0.000000,	0.000000
0.826207,	-0.563367
0.812642,	-0.327453
7.058078,	-0.000003

0.000000,	0.000000
0.827703,	-0.561166
0.814023,	-0.328381
7.045048,	-0.000003

0.000000,	0.000000
0.829194,	-0.558961
0.815397,	-0.329307
7.032018,	-0.000003

0.000000,	0.000000
0.830679,	-0.556752
0.816762,	-0.330231
7.018988,	-0.000003

0.000000,	0.000000
0.832158,	-0.554539
0.818118,	-0.331154
7.005957,	-0.000003

0.000000,	0.000000
0.833631,	-0.552322
0.819467,	-0.332075
6.992926,	-0.000003

0.000000,	0.000000
0.835098,	-0.550101
0.820807,	-0.332994
6.979895,	-0.000003

0.000000,	0.000000
0.836559,	-0.547877
0.822139,	-0.333912
6.966864,	-0.000003

0.000000,	0.000000
0.838014,	-0.545648
0.823463,	-0.334828
6.953833,	-0.000003

0.000000,	0.000000
0.839464,	-0.543416
0.824779,	-0.335743
6.940802,	-0.000003

0.000000,	0.000000
0.840907,	-0.541179
0.826087,	-0.336656
6.927771,	-0.000003

0.000000,	0.000000
0.842345,	-0.538939
0.827387,	-0.337568
6.914739,	-0.000003

0.000000,	0.000000
0.843776,	-0.536695
0.828678,	-0.338479
6.901707,	-0.000003

0.000000,	0.000000
0.845202,	-0.534447
0.829962,	-0.339389
6.888675,	-0.000003

0.000000,	0.000000
0.846621,	-0.532196
0.831238,	-0.340298
6.875643,	-0.000004

0.000000,	0.000000
0.848035,	-0.529940
0.832506,	-0.341206
6.862611,	-0.000004

0.000000,	0.000000
0.849442,	-0.527681
0.833767,	-0.342113
6.849579,	-0.000004

0.000000,	0.000000
0.850844,	-0.525418
0.835019,	-0.343019
6.836546,	-0.000004

0.000000,	0.000000
0.852239,	-0.523152
0.836264,	-0.343924
6.823514,	-0.000004

0.000000,	0.000000
0.853629,	-0.520882
0.837501,	-0.344829
6.810481,	-0.000004

0.000000,	0.000000
0.855012,	-0.518608
0.838730,	-0.345733
6.797448,	-0.000004

0.000000,	0.000000
0.856390,	-0.516330
0.839952,	-0.346637
6.784415,	-0.000004

0.000000,	0.000000
0.857761,	-0.514049
0.841166,	-0.347541
6.771381,	-0.000004

0.000000,	0.000000
0.859126,	-0.511764
0.842373,	-0.348444
6.758348,	-0.000004

0.000000,	0.000000
0.860485,	-0.509475
0.843572,	-0.349348
6.745314,	-0.000004

0.000000,	0.000000
0.861838,	-0.507183
0.844764,	-0.350251
6.732281,	-0.000004

0.000000,	0.000000
0.863185,	-0.504887
0.845949,	-0.351155
6.719247,	-0.000004

0.000000,	0.000000
0.864526,	-0.502588
0.847126,	-0.352059
6.706213,	-0.000004

0.000000,	0.000000
0.865861,	-0.500285
0.848296,	-0.352964
6.693179,	-0.000004

0.000000,	0.000000
0.867189,	-0.497979
0.849458,	-0.353869
6.680144,	-0.000004

0.000000,	0.000000
0.868512,	-0.495669
0.850614,	-0.354775
6.667110,	-0.000004

0.000000,	0.000000
0.869828,	-0.493355
0.851762,	-0.355683
6.654075,	-0.000004

0.000000,	0.000000
0.871138,	-0.491038
0.852904,	-0.356591
6.641040,	-0.000004

0.000000,	0.000000
0.872442,	-0.488718
0.854038,	-0.357501
6.628005,	-0.000004

0.000000,	0.000000
0.873740,	-0.486394
0.855166,	-0.358413
6.614970,	-0.000004

0.000000,	0.000000
0.875031,	-0.484067
0.856287,	-0.359327
6.601935,	-0.000004

0.000000,	0.000000
0.876316,	-0.481736
0.857401,	-0.360243
6.588899,	-0.000004

0.000000,	0.000000
0.877596,	-0.479402
0.858508,	-0.361161
6.575863,	-0.000004

0.000000,	0.000000
0.878868,	-0.477064
0.859609,	-0.362082
6.562828,	-0.000004

0.000000,	0.000000
0.880135,	-0.474723
0.860704,	-0.363007
6.549792,	-0.000004

0.000000,	0.000000
0.881396,	-0.472379
0.861792,	-0.363935
6.536755,	-0.000004

0.000000,	0.000000
0.882650,	-0.470031
0.862875,	-0.364866
6.523719,	-0.000004

0.000000,	0.000000
0.883898,	-0.467680
0.863951,	-0.365802
6.510683,	-0.000005

0.000000,	0.000000
0.885139,	-0.465326
0.865021,	-0.366743
6.497646,	-0.000005

0.000000,	0.000000
0.886375,	-0.462968
0.866086,	-0.367689
6.484609,	-0.000005

0.000000,	0.000000
0.887604,	-0.460607
0.867146,	-0.368641
6.471572,	-0.000005

0.000000,	0.000000
0.888827,	-0.458243
0.868200,	-0.369599
6.458535,	-0.000005

0.000000,	0.000000
0.890043,	-0.455876
0.869250,	-0.370565
6.445498,	-0.000005

0.000000,	0.000000
0.891254,	-0.453505
0.870295,	-0.371538
6.432460,	-0.000005

0.000000,	0.000000
0.892458,	-0.451131
0.871335,	-0.372520
6.419422,	-0.000005

0.000000,	0.000000
0.893655,	-0.448754
0.872372,	-0.373511
6.406385,	-0.000005

0.000000,	0.000000
0.894847,	-0.446374
0.873406,	-0.374513
6.393346,	-0.000005

0.000000,	0.000000
0.896031,	-0.443991
0.874436,	-0.375526
6.380308,	-0.000005

0.000000,	0.000000
0.897210,	-0.441604
0.875465,	-0.376552
6.367270,	-0.000005

0.000000,	0.000000
0.898382,	-0.439214
0.876493,	-0.377593
6.354231,	-0.000005

0.000000,	0.000000
0.899548,	-0.436822
0.877520,	-0.378650
6.341193,	-0.000005

0.000000,	0.000000
0.900708,	-0.434426
0.878548,	-0.379724
6.328154,	-0.000005

0.000000,	0.000000
0.901861,	-0.432027
0.879578,	-0.380819
6.315115,	-0.000005

0.000000,	0.000000
0.903008,	-0.429625
0.880613,	-0.381936
6.302075,	-0.000005

0.000000,	0.000000
0.904148,	-0.427220
0.881653,	-0.383078
6.289036,	-0.000005

0.000000,	0.000000
0.905282,	-0.424812
0.882703,	-0.384248
6.275996,	-0.000005

0.000000,	0.000000
0.906409,	-0.422401
0.883766,	-0.385450
6.262956,	-0.000005

0.000000,	0.000000
0.907530,	-0.419986
0.884845,	-0.386689
6.249916,	-0.000005

0.000000,	0.000000
0.908645,	-0.417569
0.885948,	-0.387968
6.236876,	-0.000005

0.000000,	0.000000
0.909753,	-0.415149
0.887082,	-0.389294
6.223836,	-0.000005

0.000000,	0.000000
0.910855,	-0.412726
0.888257,	-0.390672
6.210795,	-0.000006

0.000000,	0.000000
0.911950,	-0.410301
0.889488,	-0.392107
6.197755,	-0.000006

0.000000,	0.000000
0.913039,	-0.407872
0.890793,	-0.393604
6.184714,	-0.000006

0.000000,	0.000000
0.914122,	-0.405440
0.892196,	-0.395164
6.171673,	-0.000006

0.000000,	0.000000
0.915198,	-0.403006
0.893725,	-0.396782
6.158631,	-0.000006

0.000000,	0.000000
0.916267,	-0.400568
0.895413,	-0.398445
6.145590,	-0.000006

0.000000,	0.000000
0.917330,	-0.398128
0.897289,	-0.400123
6.132548,	-0.000006

0.000000,	0.000000
0.918386,	-0.395685
0.899368,	-0.401777
6.119506,	-0.000006

0.000000,	0.000000
0.919436,	-0.393239
0.901645,	-0.403363
6.106464,	-0.000006

0.000000,	0.000000
0.920480,	-0.390790
0.904093,	-0.404846
6.093422,	-0.000006

0.000000,	0.000000
0.921517,	-0.388339
0.906806,	-0.405916
6.080380,	-0.000006

0.000000,	0.000000
0.922547,	-0.385885
0.909669,	-0.406744
6.067337,	-0.000006

0.000000,	0.000000
0.923571,	-0.383428
0.912601,	-0.407448
6.054294,	-0.000006

0.000000,	0.000000
0.924588,	-0.380968
0.915578,	-0.408037
6.041251,	-0.000006

0.000000,	0.000000
0.925599,	-0.378506
0.918584,	-0.408522
6.028208,	-0.000006

0.000000,	0.000000
0.926603,	-0.376041
0.921603,	-0.408916
6.015165,	-0.000006

0.000000,	0.000000
0.927601,	-0.373573
0.924629,	-0.409230
6.002121,	-0.000006

0.000000,	0.000000
0.928592,	-0.371103
0.927654,	-0.409474
5.989077,	-0.000006

0.000000,	0.000000
0.929576,	-0.368630
0.930674,	-0.409656
5.976033,	-0.000006

0.000000,	0.000000
0.930554,	-0.366154
0.933687,	-0.409784
5.962989,	-0.000006

0.000000,	0.000000
0.931525,	-0.363676
0.936690,	-0.409865
5.949945,	-0.000006

0.000000,	0.000000
0.932490,	-0.361195
0.939683,	-0.409903
5.936900,	-0.000007

0.000000,	0.000000
0.933448,	-0.358712
0.942665,	-0.409903
5.923855,	-0.000007

0.000000,	0.000000
0.934400,	-0.356226
0.945635,	-0.409869
5.910810,	-0.000007

0.000000,	0.000000
0.935345,	-0.353738
0.948593,	-0.409804
5.897765,	-0.000007

0.000000,	0.000000
0.936283,	-0.351247
0.951539,	-0.409711
5.884720,	-0.000007

0.000000,	0.000000
0.937214,	-0.348754
0.954473,	-0.409593
5.871674,	-0.000007

0.000000,	0.000000
0.938139,	-0.346258
0.957395,	-0.409452
5.858628,	-0.000007

0.000000,	0.000000
0.939058,	-0.343760
0.960305,	-0.409289
5.845582,	-0.000007

0.000000,	0.000000
0.939969,	-0.341259
0.963204,	-0.409106
5.832536,	-0.000007

0.000000,	0.000000
0.940874,	-0.338756
0.966092,	-0.408905
5.819489,	-0.000007

0.000000,	0.000000
0.941773,	-0.336250
0.968968,	-0.408686
5.806443,	-0.000007

0.000000,	0.000000
0.942664,	-0.333742
0.971833,	-0.408452
5.793396,	-0.000007

0.000000,	0.000000
0.943549,	-0.331232
0.974688,	-0.408203
5.780349,	-0.000007

0.000000,	0.000000
0.944428,	-0.328720
0.977533,	-0.407939
5.767302,	-0.000007

0.000000,	0.000000
0.945299,	-0.326205
0.980367,	-0.407663
5.754254,	-0.000007

0.000000,	0.000000
0.946164,	-0.323687
0.983191,	-0.407374
5.741206,	-0.000007

0.000000,	0.000000
0.947022,	-0.321168
0.986005,	-0.407073
5.728158,	-0.000007

0.000000,	0.000000
0.947874,	-0.318646
0.988809,	-0.406761
5.715110,	-0.000007

0.000000,	0.000000
0.948719,	-0.316122
0.991604,	-0.406438
5.702062,	-0.000007

0.000000,	0.000000
0.949557,	-0.313596
0.994389,	-0.406106
5.689013,	-0.000008

0.000000,	0.000000
0.950388,	-0.311067
0.997166,	-0.405763
5.675964,	-0.000008

0.000000,	0.000000
0.951213,	-0.308536
0.999933,	-0.405412
5.662915,	-0.000008

0.000000,	0.000000
0.952030,	-0.306003
1.002691,	-0.405051
5.649866,	-0.000008

0.000000,	0.000000
0.952842,	-0.303468
1.005441,	-0.404682
5.636817,	-0.000008

0.000000,	0.000000
0.953646,	-0.300931
1.008182,	-0.404305
5.623767,	-0.000008

0.000000,	0.000000
0.954444,	-0.298392
1.010914,	-0.403921
5.610717,	-0.000008

0.000000,	0.000000
0.955234,	-0.295850
1.013639,	-0.403528
5.597667,	-0.000008

0.000000,	0.000000
0.956018,	-0.293307
1.016355,	-0.403129
5.584616,	-0.000008

0.000000,	0.000000
0.956796,	-0.290761
1.019062,	-0.402722
5.571566,	-0.000008

0.000000,	0.000000
0.957566,	-0.288213
1.021762,	-0.402309
5.558515,	-0.000008

0.000000,	0.000000
0.958330,	-0.285663
1.024454,	-0.401889
5.545464,	-0.000008

0.000000,	0.000000
0.959087,	-0.283112
1.027139,	-0.401463
5.532412,	-0.000008

0.000000,	0.000000
0.959837,	-0.280558
1.029815,	-0.401031
5.519361,	-0.000008

0.000000,	0.000000
0.960580,	-0.278002
1.032484,	-0.400593
5.506309,	-0.000008

0.000000,	0.000000
0.961317,	-0.275444
1.035146,	-0.400149
5.493257,	-0.000008

0.000000,	0.000000
0.962047,	-0.272885
1.037800,	-0.399699
5.480205,	-0.000008

0.000000,	0.000000
0.962770,	-0.270323
1.040447,	-0.399244
5.467152,	-0.000008

0.000000,	0.000000
0.963486,	-0.267759
1.043086,	-0.398784
5.454100,	-0.000009

0.000000,	0.000000
0.964195,	-0.265194
1.045718,	-0.398319
5.441047,	-0.000009

0.000000,	0.000000
0.964898,	-0.262627
1.048344,	-0.397848
5.427993,	-0.000009

0.000000,	0.000000
0.965593,	-0.260057
1.050962,	-0.397373
5.414940,	-0.000009

0.000000,	0.000000
0.966282,	-0.257486
1.053573,	-0.396893
5.401886,	-0.000009

0.000000,	0.000000
0.966964,	-0.254913
1.056178,	-0.396408
5.388832,	-0.000009

0.000000,	0.000000
0.967639,	-0.252339
1.058775,	-0.395919
5.375778,	-0.000009

0.000000,	0.000000
0.968307,	-0.249762
1.061366,	-0.395425
5.362724,	-0.000009

0.000000,	0.000000
0.968969,	-0.247184
1.063950,	-0.394927
5.349669,	-0.000009

0.000000,	0.000000
0.969623,	-0.244604
1.066528,	-0.394425
5.336614,	-0.000009

0.000000,	0.000000
0.970271,	-0.242022
1.069099,	-0.393919
5.323559,	-0.000009

0.000000,	0.000000
0.970911,	-0.239439
1.071664,	-0.393408
5.310503,	-0.000009

0.000000,	0.000000
0.971545,	-0.236854
1.074222,	-0.392894
5.297448,	-0.000009

0.000000,	0.000000
0.972172,	-0.234267
1.076773,	-0.392375
5.284392,	-0.000009

0.000000,	0.000000
0.972792,	-0.231679
1.079319,	-0.391853
5.271336,	-0.000009

0.000000,	0.000000
0.973406,	-0.229089
1.081858,	-0.391327
5.258279,	-0.000009

0.000000,	0.000000
0.974012,	-0.226497
1.084391,	-0.390797
5.245222,	-0.000010

0.000000,	0.000000
0.974611,	-0.223903
1.086917,	-0.390264
5.232165,	-0.000010

0.000000,	0.000000
0.975204,	-0.221309
1.089438,	-0.389727
5.219108,	-0.000010

0.000000,	0.000000
0.975789,	-0.218712
1.091952,	-0.389187
5.206051,	-0.000010

0.000000,	0.000000
0.976368,	-0.216114
1.094461,	-0.388643
5.192993,	-0.000010

0.000000,	0.000000
0.976940,	-0.213514
1.096963,	-0.388096
5.179935,	-0.000010

0.000000,	0.000000
0.977505,	-0.210913
1.099459,	-0.387545
5.166877,	-0.000010

0.000000,	0.000000
0.978063,	-0.208311
1.101950,	-0.386992
5.153818,	-0.000010

0.000000,	0.000000
0.978614,	-0.205707
1.104434,	-0.386435
5.140759,	-0.000010

0.000000,	0.000000
0.979158,	-0.203101
1.106913,	-0.385875
5.127700,	-0.000010

0.000000,	0.000000
0.979695,	-0.200494
1.109386,	-0.385312
5.114641,	-0.000010

0.000000,	0.000000
0.980225,	-0.197886
1.111853,	-0.384745
5.101581,	-0.000010

0.000000,	0.000000
0.980748,	-0.195276
1.114314,	-0.384176
5.088521,	-0.000010

0.000000,	0.000000
0.981265,	-0.192665
1.116769,	-0.383604
5.075461,	-0.000010

0.000000,	0.000000
0.981774,	-0.190053
1.119219,	-0.383029
5.062401,	-0.000010

0.000000,	0.000000
0.982276,	-0.187439
1.121664,	-0.382451
5.049340,	-0.000011

0.000000,	0.000000
0.982772,	-0.184824
1.124102,	-0.381870
5.036279,	-0.000011

0.000000,	0.000000
0.983260,	-0.182207
1.126536,	-0.381286
5.023217,	-0.000011

0.000000,	0.000000
0.983742,	-0.179589
1.128963,	-0.380700
5.010156,	-0.000011

0.000000,	0.000000
0.984216,	-0.176970
1.131385,	-0.380111
4.997094,	-0.000011

0.000000,	0.000000
0.984684,	-0.174350
1.133802,	-0.379519
4.984032,	-0.000011

0.000000,	0.000000
0.985144,	-0.171728
1.136213,	-0.378925
4.970969,	-0.000011

0.000000,	0.000000
0.985598,	-0.169106
1.138619,	-0.378328
4.957907,	-0.000011

0.000000,	0.000000
0.986045,	-0.166482
1.141019,	-0.377728
4.944843,	-0.000011

0.000000,	0.000000
0.986484,	-0.163856
1.143414,	-0.377126
4.931780,	-0.000011

0.000000,	0.000000
0.986917,	-0.161230
1.145804,	-0.376521
4.918717,	-0.000011

0.000000,	0.000000
0.987342,	-0.158603
1.148188,	-0.375914
4.905653,	-0.000011

0.000000,	0.000000
0.987761,	-0.155974
1.150568,	-0.375305
4.892588,	-0.000011

0.000000,	0.000000
0.988173,	-0.153344
1.152941,	-0.374693
4.879524,	-0.000011

0.000000,	0.000000
0.988577,	-0.150714
1.155310,	-0.374079
4.866459,	-0.000011

0.000000,	0.000000
0.988975,	-0.148082
1.157674,	-0.373462
4.853394,	-0.000012

0.000000,	0.000000
0.989366,	-0.145449
1.160032,	-0.372843
4.840329,	-0.000012

0.000000,	0.000000
0.989749,	-0.142815
1.162385,	-0.372221
4.827263,	-0.000012

0.000000,	0.000000
0.990126,	-0.140180
1.164733,	-0.371598
4.814197,	-0.000012

0.000000,	0.000000
0.990496,	-0.137544
1.167076,	-0.370972
4.801130,	-0.000012

0.000000,	0.000000
0.990858,	-0.134907
1.169414,	-0.370344
4.788064,	-0.000012

0.000000,	0.000000
0.991214,	-0.132270
1.171747,	-0.369714
4.774997,	-0.000012

0.000000,	0.000000
0.991562,	-0.129631
1.174075,	-0.369081
4.761930,	-0.000012

0.000000,	0.000000
0.991904,	-0.126991
1.176398,	-0.368447
4.748862,	-0.000012

0.000000,	0.000000
0.992238,	-0.124350
1.178716,	-0.367810
4.735794,	-0.000012

0.000000,	0.000000
0.992566,	-0.121709
1.181029,	-0.367171
4.722726,	-0.000012

0.000000,	0.000000
0.992886,	-0.119067
1.183337,	-0.366530
4.709657,	-0.000012

0.000000,	0.000000
0.993200,	-0.116423
1.185640,	-0.365887
4.696588,	-0.000012

0.000000,	0.000000
0.993506,	-0.113779
1.187938,	-0.365242
4.683519,	-0.000013

0.000000,	0.000000
0.993805,	-0.111135
1.190231,	-0.364595
4.670450,	-0.000013

0.000000,	0.000000
0.994098,	-0.108489
1.192520,	-0.363946
4.657380,	-0.000013

0.000000,	0.000000
0.994383,	-0.105843
1.194804,	-0.363295
4.644310,	-0.000013

0.000000,	0.000000
0.994661,	-0.103196
1.197082,	-0.362643
4.631239,	-0.000013

0.000000,	0.000000
0.994932,	-0.100548
1.199357,	-0.361988
4.618168,	-0.000013

0.000000,	0.000000
0.995196,	-0.097899
1.201626,	-0.361331
4.605097,	-0.000013

0.000000,	0.000000
0.995453,	-0.095250
1.203891,	-0.360672
4.592026,	-0.000013

0.000000,	0.000000
0.995703,	-0.092600
1.206150,	-0.360012
4.578954,	-0.000013

0.000000,	0.000000
0.995946,	-0.089949
1.208406,	-0.359350
4.565881,	-0.000013

0.000000,	0.000000
0.996182,	-0.087298
1.210656,	-0.358685
4.552809,	-0.000013

0.000000,	0.000000
0.996411,	-0.084646
1.212902,	-0.358019
4.539736,	-0.000013

0.000000,	0.000000
0.996633,	-0.081994
1.215143,	-0.357352
4.526663,	-0.000013

0.000000,	0.000000
0.996848,	-0.079341
1.217380,	-0.356682
4.513589,	-0.000013

0.000000,	0.000000
0.997055,	-0.076687
1.219612,	-0.356011
4.500515,	-0.000014

0.000000,	0.000000
0.997256,	-0.074033
1.221839,	-0.355338
4.487441,	-0.000014

0.000000,	0.000000
0.997449,	-0.071378
1.224062,	-0.354663
4.474366,	-0.000014

0.000000,	0.000000
0.997636,	-0.068723
1.226280,	-0.353986
4.461291,	-0.000014

0.000000,	0.000000
0.997815,	-0.066068
1.228494,	-0.353308
4.448216,	-0.000014

0.000000,	0.000000
0.997987,	-0.063412
1.230703,	-0.352628
4.435140,	-0.000014

0.000000,	0.000000
0.998153,	-0.060755
1.232908,	-0.351947
4.422064,	-0.000014

0.000000,	0.000000
0.998311,	-0.058098
1.235108,	-0.351263
4.408988,	-0.000014

0.000000,	0.000000
0.998462,	-0.055441
1.237303,	-0.350579
4.395911,	-0.000014

0.000000,	0.000000
0.998606,	-0.052783
1.239495,	-0.349892
4.382834,	-0.000014

0.000000,	0.000000
0.998743,	-0.050125
1.241681,	-0.349204
4.369756,	-0.000014

0.000000,	0.000000
0.998873,	-0.047466
1.243864,	-0.348514
4.356678,	-0.000014

0.000000,	0.000000
0.998996,	-0.044807
1.246042,	-0.347823
4.343600,	-0.000014

0.000000,	0.000000
0.999111,	-0.042148
1.248215,	-0.347130
4.330521,	-0.000015

0.000000,	0.000000
0.999220,	-0.039489
1.250384,	-0.346436
4.317442,	-0.000015

0.000000,	0.000000
0.999322,	-0.036829
1.252549,	-0.345740
4.304363,	-0.000015

0.000000,	0.000000
0.999416,	-0.034169
1.254710,	-0.345043
4.291283,	-0.000015

0.000000,	0.000000
0.999503,	-0.031508
1.256866,	-0.344344
4.278202,	-0.000015

0.000000,	0.000000
0.999584,	-0.028848
1.259017,	-0.343643
4.265122,	-0.000015

0.000000,	0.000000
0.999657,	-0.026187
1.258179,	-0.342126
4.252041,	-0.000015

0.000000,	0.000000
0.999723,	-0.023526
1.257335,	-0.340608
4.238959,	-0.000015

0.000000,	0.000000
0.999782,	-0.020865
1.256488,	-0.339088
4.225878,	-0.000015

0.000000,	0.000000
0.999834,	-0.018204
1.255636,	-0.337566
4.212795,	-0.000015

0.000000,	0.000000
0.999879,	-0.015543
1.254780,	-0.336043
4.199713,	-0.000015

0.000000,	0.000000
0.999917,	-0.012881
1.253919,	-0.334519
4.186630,	-0.000015

0.000000,	0.000000
0.999948,	-0.010220
1.253054,	-0.332993
4.173546,	-0.000015

0.000000,	0.000000
0.999971,	-0.007558
1.252185,	-0.331465
4.160462,	-0.000016

0.000000,	0.000000
0.999988,	-0.004897
1.251311,	-0.329936
4.147378,	-0.000016

0.000000,	0.000000
0.999998,	-0.002235
1.250433,	-0.328406
4.134293,	-0.000016

0.000000,	0.000000
1.000000,	0.000427
1.249551,	-0.326874
4.121208,	-0.000016

0.000000,	0.000000
0.999995,	0.003088
1.248664,	-0.325341
4.108123,	-0.000016

0.000000,	0.000000
0.999983,	0.005750
1.247773,	-0.323806
4.095037,	-0.000016

0.000000,	0.000000
0.999965,	0.008412
1.246877,	-0.322270
4.081951,	-0.000016

0.000000,	0.000000
0.999939,	0.011073
1.245978,	-0.320732
4.068864,	-0.000016

0.000000,	0.000000
0.999906,	0.013735
1.245073,	-0.319193
4.055777,	-0.000016

0.000000,	0.000000
0.999866,	0.016396
1.244164,	-0.317652
4.042689,	-0.000016

0.000000,	0.000000
0.999818,	0.019057
1.243251,	-0.316110
4.029601,	-0.000016

0.000000,	0.000000
0.999764,	0.021719
1.242334,	-0.314567
4.016512,	-0.000016

0.000000,	0.000000
0.999703,	0.024380
1.241412,	-0.313022
4.003423,	-0.000017

0.000000,	0.000000
0.999634,	0.027040
1.240485,	-0.311475
3.990334,	-0.000017

0.000000,	0.000000
0.999559,	0.029701
1.239554,	-0.309927
3.977244,	-0.000017

0.000000,	0.000000
0.999476,	0.032361
1.238619,	-0.308378
3.964153,	-0.000017

0.000000,	0.000000
0.999387,	0.035022
1.237679,	-0.306827
3.951063,	-0.000017

0.000000,	0.000000
0.999290,	0.037682
1.236735,	-0.305275
3.937971,	-0.000017

0.000000,	0.000000
0.999186,	0.040341
1.235786,	-0.303721
3.924880,	-0.000017

0.000000,	0.000000
0.999075,	0.043001
1.234833,	-0.302166
3.911787,	-0.000017

0.000000,	0.000000
0.998957,	0.045660
1.233875,	-0.300609
3.898695,	-0.000017

0.000000,	0.000000
0.998832,	0.048318
1.232913,	-0.299051
3.885602,	-0.000017

0.000000,	0.000000
0.998700,	0.050977
1.231946,	-0.297492
3.872508,	-0.000017

0.000000,	0.000000
0.998561,	0.053635
1.230975,	-0.295931
3.859414,	-0.000017

0.000000,	0.000000
0.998414,	0.056293
1.229999,	-0.294369
3.846319,	-0.000017

0.000000,	0.000000
0.998261,	0.058950
1.229019,	-0.292805
3.833224,	-0.000018

0.000000,	0.000000
0.998100,	0.061607
1.228034,	-0.291240
3.820129,	-0.000018

0.000000,	0.000000
0.997933,	0.064263
1.227044,	-0.289673
3.807033,	-0.000018

0.000000,	0.000000
0.997758,	0.066919
1.226050,	-0.288105
3.793936,	-0.000018

0.000000,	0.000000
0.997577,	0.069575
1.225052,	-0.286536
3.780839,	-0.000018

0.000000,	0.000000
0.997388,	0.072230
1.224049,	-0.284965
3.767742,	-0.000018

0.000000,	0.000000
0.997192,	0.074884
1.223041,	-0.283393
3.754644,	-0.000018

0.000000,	0.000000
0.996989,	0.077538
1.222029,	-0.281819
3.741545,	-0.000018

0.000000,	0.000000
0.996779,	0.080192
1.221012,	-0.280244
3.728446,	-0.000018

0.000000,	0.000000
0.996562,	0.082844
1.219990,	-0.278667
3.715347,	-0.000018

0.000000,	0.000000
0.996338,	0.085497
1.218964,	-0.277089
3.702246,	-0.000018

0.000000,	0.000000
0.996107,	0.088148
1.217933,	-0.275510
3.689146,	-0.000018

0.000000,	0.000000
0.995869,	0.090799
1.216898,	-0.273929
3.676045,	-0.000018

0.000000,	0.000000
0.995624,	0.093450
1.215858,	-0.272347
3.662943,	-0.000018

0.000000,	0.000000
0.995372,	0.096099
1.214813,	-0.270764
3.649841,	-0.000019

0.000000,	0.000000
0.995112,	0.098748
1.213764,	-0.269179
3.636738,	-0.000019

0.000000,	0.000000
0.994846,	0.101397
1.212710,	-0.267593
3.623635,	-0.000019

0.000000,	0.000000
0.994573,	0.104044
1.211651,	-0.266005
3.610531,	-0.000019

0.000000,	0.000000
0.994292,	0.106691
1.210587,	-0.264416
3.597427,	-0.000019

0.000000,	0.000000
0.994005,	0.109337
1.209519,	-0.262826
3.584322,	-0.000019

0.000000,	0.000000
0.993710,	0.111983
1.208446,	-0.261234
3.571216,	-0.000019

0.000000,	0.000000
0.993409,	0.114627
1.207369,	-0.259641
3.558110,	-0.000019

0.000000,	0.000000
0.993100,	0.117271
1.206287,	-0.258046
3.545003,	-0.000019

0.000000,	0.000000
0.992784,	0.119914
1.205200,	-0.256450
3.531896,	-0.000019

0.000000,	0.000000
0.992462,	0.122556
1.204108,	-0.254853
3.518789,	-0.000019

0.000000,	0.000000
0.992132,	0.125197
1.203011,	-0.253254
3.505680,	-0.000019

0.000000,	0.000000
0.991795,	0.127838
1.201910,	-0.251654
3.492571,	-0.000019

0.000000,	0.000000
0.991451,	0.130477
1.200804,	-0.250053
3.479462,	-0.000019

0.000000,	0.000000
0.991101,	0.133115
1.199693,	-0.248450
3.466352,	-0.000019

0.000000,	0.000000
0.990743,	0.135753
1.198578,	-0.246846
3.453241,	-0.000020

0.000000,	0.000000
0.990378,	0.138390
1.197457,	-0.245241
3.440130,	-0.000020

0.000000,	0.000000
0.990006,	0.141025
1.196332,	-0.243634
3.427018,	-0.000020

0.000000,	0.000000
0.989627,	0.143660
1.195202,	-0.242026
3.413905,	-0.000020

0.000000,	0.000000
0.989241,	0.146293
1.194067,	-0.240417
3.400792,	-0.000020

0.000000,	0.000000
0.988848,	0.148926
1.192927,	-0.238806
3.387678,	-0.000020

0.000000,	0.000000
0.988448,	0.151557
1.191783,	-0.237194
3.374564,	-0.000020

0.000000,	0.000000
0.988042,	0.154188
1.190633,	-0.235581
3.361449,	-0.000020

0.000000,	0.000000
0.987628,	0.156817
1.189479,	-0.233966
3.348333,	-0.000020

0.000000,	0.000000
0.987207,	0.159445
1.188320,	-0.232350
3.335217,	-0.000020

0.000000,	0.000000
0.986779,	0.162072
1.187155,	-0.230733
3.322100,	-0.000020

0.000000,	0.000000
0.986344,	0.164698
1.185986,	-0.229114
3.308982,	-0.000020

0.000000,	0.000000
0.985902,	0.167323
1.184812,	-0.227494
3.295864,	-0.000020

0.000000,	0.000000
0.985453,	0.169947
1.183634,	-0.225873
3.282745,	-0.000020

0.000000,	0.000000
0.984997,	0.172569
1.182450,	-0.224250
3.269625,	-0.000020

0.000000,	0.000000
0.984535,	0.175190
1.181261,	-0.222626
3.256505,	-0.000020

0.000000,	0.000000
0.984065,	0.177810
1.180067,	-0.221001
3.243384,	-0.000020

0.000000,	0.000000
0.983588,	0.180429
1.178868,	-0.219375
3.230262,	-0.000020

0.000000,	0.000000
0.983104,	0.183046
1.177665,	-0.217747
3.217140,	-0.000021

0.000000,	0.000000
0.982614,	0.185662
1.176456,	-0.216118
3.204017,	-0.000021

0.000000,	0.000000
0.982116,	0.188277
1.175242,	-0.214488
3.190893,	-0.000021

0.000000,	0.000000
0.981611,	0.190890
1.174023,	-0.212856
3.177769,	-0.000021

0.000000,	0.000000
0.981100,	0.193502
1.172800,	-0.211224
3.164644,	-0.000021

0.000000,	0.000000
0.980581,	0.196113
1.171571,	-0.209589
3.151518,	-0.000021

0.000000,	0.000000
0.980056,	0.198722
1.170337,	-0.207954
3.138391,	-0.000021

0.000000,	0.000000
0.979523,	0.201330
1.169098,	-0.206318
3.125264,	-0.000021

0.000000,	0.000000
0.978984,	0.203937
1.167854,	-0.204680
3.112136,	-0.000021

0.000000,	0.000000
0.978438,	0.206542
1.166605,	-0.203041
3.099007,	-0.000021

0.000000,	0.000000
0.977885,	0.209145
1.165350,	-0.201400
3.085878,	-0.000021

0.000000,	0.000000
0.977324,	0.211748
1.164091,	-0.199759
3.072747,	-0.000021

0.000000,	0.000000
0.976757,	0.214348
1.162827,	-0.198116
3.059616,	-0.000021

0.000000,	0.000000
0.976183,	0.216947
1.161557,	-0.196472
3.046485,	-0.000021

0.000000,	0.000000
0.975602,	0.219545
1.160282,	-0.194827
3.033352,	-0.000021

0.000000,	0.000000
0.975015,	0.222141
1.159002,	-0.193180
3.020219,	-0.000021

0.000000,	0.000000
0.974420,	0.224735
1.157717,	-0.191532
3.007084,	-0.000021

0.000000,	0.000000
0.973818,	0.227328
1.156427,	-0.189883
2.993950,	-0.000021

0.000000,	0.000000
0.973210,	0.229919
1.155131,	-0.188233
2.980814,	-0.000021

0.000000,	0.000000
0.972594,	0.232509
1.153830,	-0.186582
2.967677,	-0.000021

0.000000,	0.000000
0.971972,	0.235097
1.152524,	-0.184929
2.954540,	-0.000021

0.000000,	0.000000
0.971343,	0.237683
1.151213,	-0.183276
2.941402,	-0.000021

0.000000,	0.000000
0.970707,	0.240267
1.149897,	-0.181621
2.928262,	-0.000021

0.000000,	0.000000
0.970064,	0.242850
1.148575,	-0.179965
2.915123,	-0.000021

0.000000,	0.000000
0.969414,	0.245432
1.147248,	-0.178307
2.901982,	-0.000021

0.000000,	0.000000
0.968757,	0.248011
1.145915,	-0.176649
2.888840,	-0.000021

0.000000,	0.000000
0.968094,	0.250589
1.144578,	-0.174989
2.875698,	-0.000021

0.000000,	0.000000
0.967423,	0.253164
1.143235,	-0.173329
2.862554,	-0.000021

0.000000,	0.000000
0.966746,	0.255739
1.141886,	-0.171667
2.849410,	-0.000021

0.000000,	0.000000
0.966062,	0.258311
1.140533,	-0.170004
2.836265,	-0.000021

0.000000,	0.000000
0.965371,	0.260881
1.139174,	-0.168339
2.823119,	-0.000021

0.000000,	0.000000
0.964673,	0.263450
1.137809,	-0.166674
2.809972,	-0.000021

0.000000,	0.000000
0.963968,	0.266017
1.136439,	-0.165007
2.796824,	-0.000021

0.000000,	0.000000
0.963257,	0.268581
1.135064,	-0.163340
2.783676,	-0.000021

0.000000,	0.000000
0.962539,	0.271144
1.133683,	-0.161671
2.770526,	-0.000021

0.000000,	0.000000
0.961814,	0.273705
1.132297,	-0.160001
2.757375,	-0.000021

0.000000,	0.000000
0.961082,	0.276265
1.130906,	-0.158330
2.744224,	-0.000021

0.000000,	0.000000
0.960343,	0.278822
1.129509,	-0.156658
2.731071,	-0.000021

0.000000,	0.000000
0.959597,	0.281377
1.128106,	-0.154984
2.717918,	-0.000021

0.000000,	0.000000
0.958845,	0.283930
1.126698,	-0.153310
2.704763,	-0.000021

0.000000,	0.000000
0.958086,	0.286481
1.125284,	-0.151634
2.691608,	-0.000021

0.000000,	0.000000
0.957320,	0.289030
1.123865,	-0.149958
2.678452,	-0.000020

0.000000,	0.000000
0.956547,	0.291577
1.122441,	-0.148280
2.665294,	-0.000020

0.000000,	0.000000
0.955768,	0.294122
1.121010,	-0.146601
2.652136,	-0.000020

0.000000,	0.000000
0.954982,	0.296665
1.119575,	-0.144922
2.638976,	-0.000020

0.000000,	0.000000
0.954189,	0.299206
1.118133,	-0.143241
2.625816,	-0.000020

0.000000,	0.000000
0.953389,	0.301745
1.116686,	-0.141559
2.612654,	-0.000020

0.000000,	0.000000
0.952582,	0.304281
1.115234,	-0.139876
2.599491,	-0.000020

0.000000,	0.000000
0.951769,	0.306816
1.113775,	-0.138192
2.586328,	-0.000020

0.000000,	0.000000
0.950949,	0.309348
1.112311,	-0.136506
2.573163,	-0.000020

0.000000,	0.000000
0.950122,	0.311878
1.110842,	-0.134820
2.559997,	-0.000020

0.000000,	0.000000
0.949289,	0.314406
1.109366,	-0.133133
2.546830,	-0.000019

0.000000,	0.000000
0.948448,	0.316931
1.107885,	-0.131445
2.533662,	-0.000019

0.000000,	0.000000
0.947602,	0.319455
1.106399,	-0.129756
2.520493,	-0.000019

0.000000,	0.000000
0.946748,	0.321976
1.104906,	-0.128065
2.507323,	-0.000019

0.000000,	0.000000
0.945888,	0.324495
1.103408,	-0.126374
2.494151,	-0.000019

0.000000,	0.000000
0.945020,	0.327011
1.101904,	-0.124682
2.480978,	-0.000019

0.000000,	0.000000
0.944147,	0.329525
1.100394,	-0.122988
2.467805,	-0.000019

0.000000,	0.000000
0.943266,	0.332037
1.098879,	-0.121294
2.454630,	-0.000018

0.000000,	0.000000
0.942379,	0.334547
1.097357,	-0.119599
2.441453,	-0.000018

0.000000,	0.000000
0.941485,	0.337054
1.095830,	-0.117903
2.428276,	-0.000018

0.000000,	0.000000
0.940585,	0.339559
1.094297,	-0.116205
2.415097,	-0.000018

0.000000,	0.000000
0.939678,	0.342061
1.092758,	-0.114507
2.401917,	-0.000018

0.000000,	0.000000
0.938764,	0.344561
1.091213,	-0.112808
2.388736,	-0.000017

0.000000,	0.000000
0.937843,	0.347058
1.089662,	-0.111108
2.375554,	-0.000017

0.000000,	0.000000
0.936916,	0.349554
1.088105,	-0.109407
2.362370,	-0.000017

0.000000,	0.000000
0.935983,	0.352046
1.086543,	-0.107705
2.349185,	-0.000017

0.000000,	0.000000
0.935042,	0.354536
1.084974,	-0.106002
2.335999,	-0.000017

0.000000,	0.000000
0.934095,	0.357024
1.083399,	-0.104298
2.322811,	-0.000016

0.000000,	0.000000
0.933142,	0.359509
1.081819,	-0.102594
2.309622,	-0.000016

0.000000,	0.000000
0.932182,	0.361991
1.080232,	-0.100888
2.296432,	-0.000016

0.000000,	0.000000
0.931215,	0.364471
1.078639,	-0.099181
2.283240,	-0.000015

0.000000,	0.000000
0.930241,	0.366948
1.077040,	-0.097474
2.270047,	-0.000015

0.000000,	0.000000
0.929261,	0.369423
1.075436,	-0.095766
2.256853,	-0.000015

0.000000,	0.000000
0.928275,	0.371895
1.073825,	-0.094056
2.243657,	-0.000015

0.000000,	0.000000
0.927282,	0.374365
1.072207,	-0.092346
2.230459,	-0.000014

0.000000,	0.000000
0.926282,	0.376831
1.070584,	-0.090635
2.217261,	-0.000014

0.000000,	0.000000
0.925276,	0.379296
1.068955,	-0.088924
2.204060,	-0.000013

0.000000,	0.000000
0.924263,	0.381757
1.067319,	-0.087211
2.190859,	-0.000013

0.000000,	0.000000
0.923243,	0.384216
1.065677,	-0.085497
2.177655,	-0.000013

0.000000,	0.000000
0.922217,	0.386672
1.064029,	-0.083783
2.164451,	-0.000012

0.000000,	0.000000
0.921185,	0.389125
1.062375,	-0.082068
2.151244,	-0.000012

0.000000,	0.000000
0.920146,	0.391576
1.060715,	-0.080352
2.138036,	-0.000011

0.000000,	0.000000
0.919100,	0.394023
1.059048,	-0.078635
2.124827,	-0.000011

0.000000,	0.000000
0.918048,	0.396468
1.057375,	-0.076918
2.111616,	-0.000011

0.000000,	0.000000
0.916990,	0.398911
1.055695,	-0.075199
2.098403,	-0.000010

0.000000,	0.000000
0.915925,	0.401350
1.054009,	-0.073480
2.085189,	-0.000010

0.000000,	0.000000
0.914853,	0.403786
1.052317,	-0.071760
2.071973,	-0.000009

0.000000,	0.000000
0.913775,	0.406220
1.050619,	-0.070039
2.058755,	-0.000008

0.000000,	0.000000
0.912691,	0.408651
1.048914,	-0.068318
2.045535,	-0.000008

0.000000,	0.000000
0.911600,	0.411079
1.047202,	-0.066596
2.032314,	-0.000007

0.000000,	0.000000
0.910502,	0.413504
1.045485,	-0.064873
2.019091,	-0.000007

0.000000,	0.000000
0.909399,	0.415926
1.043760,	-0.063149
2.005867,	-0.000006

0.000000,	0.000000
0.908288,	0.418345
1.042029,	-0.061425
1.992640,	-0.000005

0.000000,	0.000000
0.907172,	0.420761
1.040292,	-0.059699
1.979412,	-0.000005

0.000000,	0.000000
0.906048,	0.423174
1.038548,	-0.057974
1.966182,	-0.000004

0.000000,	0.000000
0.904919,	0.425584
1.036798,	-0.056247
1.952950,	-0.000003

0.000000,	0.000000
0.903783,	0.427991
1.035041,	-0.054520
1.939716,	-0.000003

0.000000,	0.000000
0.902641,	0.430395
1.033277,	-0.052792
1.926480,	-0.000002

0.000000,	0.000000
0.901492,	0.432796
1.031507,	-0.051063
1.913242,	-0.000001

0.000000,	0.000000
0.900337,	0.435194
1.029730,	-0.049334
1.900002,	-0.000000

0.000000,	0.000000
0.899175,	0.437589
1.027946,	-0.047604
1.886760,	0.000001

0.000000,	0.000000
0.898007,	0.439981
1.026156,	-0.045874
1.873516,	0.000002

0.000000,	0.000000
0.896833,	0.442370
1.024359,	-0.044143
1.860270,	0.000002

0.000000,	0.000000
0.895652,	0.444755
1.022555,	-0.042411
1.847022,	0.000003

0.000000,	0.000000
0.894465,	0.447137
1.020745,	-0.040679
1.833772,	0.000004

0.000000,	0.000000
0.893272,	0.449517
1.018927,	-0.038946
1.820520,	0.000005

0.000000,	0.000000
0.892072,	0.451893
1.017103,	-0.037212
1.807265,	0.000006

0.000000,	0.000000
0.890866,	0.454266
1.015272,	-0.035478
1.794009,	0.000008

0.000000,	0.000000
0.889654,	0.456635
1.013434,	-0.033743
1.780750,	0.000009

0.000000,	0.000000
0.888435,	0.459002
1.011589,	-0.032008
1.767488,	0.000010

0.000000,	0.000000
0.887211,	0.461365
1.009737,	-0.030272
1.754225,	0.000011

0.000000,	0.000000
0.885979,	0.463724
1.007879,	-0.028536
1.740959,	0.000012

0.000000,	0.000000
0.884742,	0.466081
1.006013,	-0.026799
1.727690,	0.000014

0.000000,	0.000000
0.883498,	0.468434
1.004140,	-0.025062
1.714420,	0.000015

0.000000,	0.000000
0.882248,	0.470784
1.002261,	-0.023324
1.701146,	0.000016

0.000000,	0.000000
0.880992,	0.473131
1.000374,	-0.021586
1.687871,	0.000018

0.000000,	0.000000
0.879730,	0.475474
0.998480,	-0.019847
1.674592,	0.000019

0.000000,	0.000000
0.878461,	0.477814
0.996579,	-0.018108
1.661311,	0.000021

0.000000,	0.000000
0.877186,	0.480151
0.994671,	-0.016368
1.648028,	0.000022

0.000000,	0.000000
0.875905,	0.482484
0.992756,	-0.014628
1.634742,	0.000024

0.000000,	0.000000
0.874618,	0.484813
0.990833,	-0.012887
1.621453,	0.000026

0.000000,	0.000000
0.873324,	0.487140
0.988903,	-0.011146
1.608161,	0.000027

0.000000,	0.000000
0.872024,	0.489462
0.986967,	-0.009405
1.594867,	0.000029

0.000000,	0.000000
0.870719,	0.491782
0.985022,	-0.007663
1.581569,	0.000031

0.000000,	0.000000
0.869406,	0.494098
0.983071,	-0.005921
1.568269,	0.000033

0.000000,	0.000000
0.868088,	0.496410
0.981112,	-0.004178
1.554966,	0.000035

0.000000,	0.000000
0.866764,	0.498719
0.979146,	-0.002436
1.541660,	0.000037

0.000000,	0.000000
0.865433,	0.501024
0.977172,	-0.000692
1.528351,	0.000039

0.000000,	0.000000
0.864097,	0.503326
0.975191,	0.000021
1.515038,	0.000042

0.000000,	0.000000
0.862754,	0.505624
0.973203,	0.000040
1.501723,	0.000044

0.000000,	0.000000
0.861405,	0.507919
0.971207,	0.000029
1.488404,	0.000046

0.000000,	0.000000
0.860050,	0.510210
0.969203,	0.000022
1.475082,	0.000049

0.000000,	0.000000
0.858689,	0.512497
0.967193,	0.000042
1.461757,	0.000051

0.000000,	0.000000
0.857322,	0.514781
0.965174,	0.000040
1.448428,	0.000054

0.000000,	0.000000
0.855949,	0.517061
0.963148,	0.000024
1.435096,	0.000057

0.000000,	0.000000
0.854569,	0.519337
0.961114,	0.000045
1.421760,	0.000060

0.000000,	0.000000
0.853184,	0.521610
0.959073,	0.000053
1.408421,	0.000062

0.000000,	0.000000
0.851793,	0.523879
0.957024,	0.000030
1.395078,	0.000066

0.000000,	0.000000
0.850395,	0.526144
0.954967,	0.000047
1.381732,	0.000069

0.000000,	0.000000
0.848992,	0.528406
0.952902,	0.000068
1.368381,	0.000072

0.000000,	0.000000
0.847582,	0.530664
0.950830,	0.000046
1.355027,	0.000075

0.000000,	0.000000
0.846167,	0.532918
0.948750,	0.000048
1.341669,	0.000079

0.000000,	0.000000
0.844745,	0.535168
0.946662,	0.000071
1.328307,	0.000082

0.000000,	0.000000
0.843318,	0.537415
0.944566,	0.000064
1.314940,	0.000086

0.000000,	0.000000
0.841885,	0.539658
0.942462,	0.000049
1.301570,	0.000090

0.000000,	0.000000
0.840445,	0.541897
0.940351,	0.000073
1.288195,	0.000094

0.000000,	0.000000
0.839000,	0.544132
0.938231,	0.000085
1.274816,	0.000098

0.000000,	0.000000
0.837549,	0.546363
0.936103,	0.000065
1.261433,	0.000102

0.000000,	0.000000
0.836091,	0.548590
0.933967,	0.000074
1.248045,	0.000107

0.000000,	0.000000
0.834628,	0.550814
0.931824,	0.000099
1.234652,	0.000111

0.000000,	0.000000
0.833159,	0.553033
0.929672,	0.000090
1.221255,	0.000116

0.000000,	0.000000
0.831684,	0.555249
0.927511,	0.000074
1.207853,	0.000121

0.000000,	0.000000
0.830203,	0.557461
0.925343,	0.000100
1.194446,	0.000126

0.000000,	0.000000
0.828717,	0.559669
0.923167,	0.000119
1.181034,	0.000131

0.000000,	0.000000
0.827224,	0.561872
0.920982,	0.000101
1.167617,	0.000136

0.000000,	0.000000
0.825725,	0.564072
0.918788,	0.000100
1.154194,	0.000142

0.000000,	0.000000
0.824221,	0.566268
0.916587,	0.000127
1.140767,	0.000147

0.000000,	0.000000
0.822711,	0.568460
0.914377,	0.000136
1.127333,	0.000153

0.000000,	0.000000
0.821195,	0.570648
0.912159,	0.000119
1.113894,	0.000159

0.000000,	0.000000
0.819673,	0.572831
0.909932,	0.000128
1.100450,	0.000166

0.000000,	0.000000
0.818146,	0.575011
0.907696,	0.000155
1.086999,	0.000172

0.000000,	0.000000
0.816612,	0.577187
0.905453,	0.000160
1.073543,	0.000179

0.000000,	0.000000
0.815073,	0.579358
0.903200,	0.000144
1.060080,	0.000185

0.000000,	0.000000
0.813528,	0.581526
0.900939,	0.000156
1.046611,	0.000192

0.000000,	0.000000
0.811977,	0.583689
0.898669,	0.000185
1.033135,	0.000200

0.000000,	0.000000
0.810421,	0.585848
0.896391,	0.000194
1.019653,	0.000207

0.000000,	0.000000
0.808859,	0.588003
0.894103,	0.000179
1.006164,	0.000215

0.000000,	0.000000
0.807291,	0.590154
0.891807,	0.000187
0.992668,	0.000222

0.000000,	0.000000
0.805717,	0.592301
0.889502,	0.000217
0.979165,	0.000230

0.000000,	0.000000
0.804138,	0.594443
0.887188,	0.000238
0.965654,	0.000239

0.000000,	0.000000
0.802553,	0.596581
0.884866,	0.000224
0.952136,	0.000247

0.000000,	0.000000
0.800962,	0.598715
0.882534,	0.000221
0.938610,	0.000256

0.000000,	0.000000
0.799365,	0.600845
0.880193,	0.000251
0.925076,	0.000265

0.000000,	0.000000
0.797763,	0.602971
0.877843,	0.000282
0.911534,	0.000274

0.000000,	0.000000
0.796156,	0.605092
0.875484,	0.000285
0.897983,	0.000283

0.000000,	0.000000
0.794542,	0.607209
0.873116,	0.000272
0.884424,	0.000293

0.000000,	0.000000
0.792923,	0.609322
0.870738,	0.000289
0.870855,	0.000303

